0.2528409858626681
0.2439069395056468
-0.12522948041752024
0.09469453828453722
0.28370582251277976
0.11763335575985834
-0.11473742493278172
0.029678603606360765
-0.08778076587565375
0.09919914407603847
-0.8201446749645129
-0.57718454970648
-0.14826452714538418
0.1811591859964723
-0.2558924824287546
0.17931279116695875
0.3983629624193563
0.29067839194121103
0.24893122521589062
0.526043627562716
0.4746982469815666
0.41476544345389166
0.5510744199378663
0.5535144349332177
0.6208017342174208
0.5538309196927218
0.7565623191762014
0.3239367414566232
0.321622943670012
0.23652331756831502
0.05307280287129701
0.39760952403272287
0.426463379446685
0.5683515877225405
0.39961329625968256
0.2590717182702382
0.5175532711697521
0.29440324843578614
0.33164290460336043
0.3907173455333848
0.4128830909537544
0.6841532879202472
0.5174815382725388
0.26255373985247354
0.27996272006490086
0.04220299553930418
0.2713747875900141
0.3202048261846502
0.37768065140783746
0.2529337990346783
0.131407816406365
0.024942213802131352
-0.30477260108617
0.2504710674681905
0.14745172141156115
0.30116941499667127
0.21846986042215732
0.026858599527056937
0.574551759830255
0.5578987559078534
0.5754004265062791
0.05979257672270699
-0.031044435438842166
-0.07497177882457451
0.16884153796426893
-0.14210747136815027
-0.10771584506570742
-0.48296816713757473
-0.826273062840805
-0.317509723130707
0.027462408095129787
-0.5411189873549096
-0.07769373308951066
-0.014800200309980305
0.44424776841200364
-0.22574803006599498
0.09931629523363417
0.5081739390394009
0.6725721856040401
0.5031833000931856
0.5307698539811756
0.693651575000825
0.64283921962904
0.32729174376504244
0.6903356993644072
0.8951938562451873
0.9437564954365116
0.8234980691929807
0.798374762036113
0.907868779957729
0.93704399358484
0.8280426349490766
0.5851787877107484
0.7092949286549306
0.03927591165631372
0.29833662564477703
0.4712005887001418
0.4369597881297931
0.557247798111389
0.4848308627281468
0.4777783572369334
0.6242194598669146
0.792865091288746
0.5422580044026442
0.6088521767987565
0.7874996457803374
0.8615782111882841
0.8672436692604657
0.8849533847518434
0.7306015348632009
0.8276925507575503
0.668472260912536
0.8946317704554938
-0.2695682260928175
-0.6034690218593558
-0.5121350952689887
-0.48949516722418684
-0.26196839423411056
-0.18345166270354585
0.06766185285152759
0.24042331555391416
-0.09244688768139109
-0.27824767884564017
0.15557363886054332
0.052003501224780146
0.08983523245430658
0.3582354380075323
0.5778345200467989
0.7792914036629839
0.41132855594960605
0.847159567383353
1.0456133701524275
0.9413530579966893
0.9149501193712102
0.8560616472361138
1.0853934101022997
0.6774122952879182
0.7080746042118131
1.175029986397466
0.6448437880561968
0.857196410789913
-0.9834926448614311
-1.032828036389092
0.4607427719770476
0.7485782164718164
-1.1148620355459844
0.5168360471596063
0.4103470805524321
0.6253887787041668
-2.655119496958201
-2.5746867343284325
-1.4358456801579758
-1.5148157189877614
-2.1680728518829824
-2.214127772155261
-2.5645136119889775
-2.1935117019265764
-2.1999931653883094
-1.8668499719538285
-2.4341401801105924
-2.4859138356842876
-1.8928598883699106
-0.3408430289883866
0.03659145079806558
-0.3355373843488164
0.06913410480065196
0.3830147939370738
0.38753876779129026
0.7310480947866136
0.8177372591641026
0.9849657318235481
0.8011958165453599
0.5545973134212898
1.1724751332334515
1.108503285483643
0.8812719365027564
0.7337008187043941
0.9618442610914479
0.4963757689702357
0.9996629170003895
0.651841912544258
1.083248415474041
1.1076840940325134
-0.033002438024711145
0.7008588446041555
0.716251302452269
0.7691541504060759
0.04412931553333377
0.6006760104523341
0.42910193880329706
0.5647386581345633
0.7359753316585629
0.6026844787618899
0.4463049790345903
0.5520017216266637
0.2740283653266855
0.017016311561541597
0.29349268854799004
-0.7265110209444177
0.044945318773317755
-0.2161202582235936
0.033062951472759616
0.15328100224939
-0.3662924671481359
-0.4113270189159577
0.013212720598245964
-0.22285520985238172
-0.20034609454729524
-0.2871652229449091
-0.9034821201800518
-2.034965785577436
-1.1435796686091981
-0.15030112128055717
0.08573133601283556
-0.08650056985341847
0.21259906045151755
0.2604116884569134
0.20058376470066874
0.2842890416755741
0.3225387343493973
0.6498071332767921
0.9049043716462923
-0.42511951979195695
-2.290449152961598
-0.4635949073186706
0.723530252422443
0.5270699900524487
0.8103470529794234
0.4598809285788754
-0.0028119706487095275
-0.19085042215999493
-1.325033752950483
-2.0632447225000576
-1.6352868296282708
-0.9130550358955523
-0.6400676315198462
-0.8622311215918841
-0.13362529290027525
0.07041311563465169
0.15214123326403706
0.3766095528954454
0.22694209206026938
-0.8214153482827635
-1.7899268170967468
-1.6828519492095124
-1.2251886354119113
-0.699144313527153
-0.12757175686923605
-0.6322981337244146
-0.23880374411418914
0.4286758679129006
0.7443038184983797
0.18538522041982342
0.4157213251182139
-1.0656711053640713
-0.04210785646599535
0.24510787817900948
0.536319696780118
-0.2760044071494676
0.17572602805591275
0.40065660122916014
0.6668245664278964
0.8774422326317979
0.2799269921970111
-0.2576314334796589
1.1063330150894684
1.212448825821722
0.6933342927527921
0.540353606023529
0.015161857479960128
0.8172859191775206
0.07943602741273748
0.2658177413029701
0.1760267457353526
-0.1717354713651491
-0.3520113905340171
0.22880862045658268
-0.28093368007152286
-0.5331880102027164
-0.7730126440161269
-0.14630601120550213
-0.7438345832468418
-0.5979641373177949
-0.7748890728700322
-0.4234748649893514
-0.9078886203317054
-0.2586905244561992
-0.05984666695167884
0.1033195593165106
-1.154420971520719
-0.13733583550844108
-0.32475288415769143
0.4584389838950733
0.7103528460535522
0.210851288046215
0.45342438735980006
0.43086806865150984
0.7089119510686468
0.7976623122556143
0.7565481415149253
0.39845448422723817
0.670682193325302
0.08435253507299723
-0.5402580008316716
-1.3711559019418562
-2.1012060348997714
-1.3941851111527397
-2.5730988607394627
-0.6293513726370329
-2.5636752860326357
-1.7550462952178396
-0.4672132890029821
-0.5808079029748743
-0.14683696938791435
0.23057184629196725
0.25950566327790114
0.4344104287287458
0.37510574390669915
0.4412920496158119
0.343189191042782
0.030305193028108857
0.2360090084005877
0.49941713773918406
0.5927093194184838
0.7364098863186144
0.1998661247561193
-2.654267286244748
-0.877815931606731
-0.30248931562102166
-2.6163520607413915
-0.6643435994684118
-0.06937471982137766
-0.01416111745387938
-0.05376341583828492
-0.20484158510138717
-0.26153119769143707
0.07395857182358312
0.26689902783923825
0.2951349356773083
0.1610637465712086
0.23358399235063643
0.23825769499156402
0.6180776007780795
0.6574226203164917
0.32852232698317096
0.6959877827578793
0.8043593561809763
0.31719130401297657
0.5655533990584691
0.2859521893028647
0.31476957277432516
0.11607449515560009
0.47018101686915625
0.6763136207320166
-0.536366434756456
-0.43382418401683764
0.16961074089428352
-0.5111975591981186
-0.2687622658579917
0.8111689593730633
0.9018538742683269
-0.368804695239798
0.17985988039259992
0.5809559457656486
0.15171872789547147
0.725928642302621
0.6555253774277376
0.40053945500413146
0.04821110501567438
0.8503055223691296
1.474918434429248
0.09777261548969474
0.5555072192492763
0.8268894993829525
0.8618649536395206
0.9687059286993189
0.7219876457548395
0.995066791149682
0.8610011691514117
0.2600745060288099
-0.1788946564333358
0.2617401231074865
0.551218350755539
0.686528543430541
0.745850389438022
0.325503142420545
0.7641992367412793
0.9948584805971368
0.6393233615857998
0.8042168896832906
0.723887045342146
0.4022772879496548
0.5018702274396325
0.43524260034855256
0.6487166468108776
-0.19765212994803316
0.29443846768847126
0.7299561590486845
0.6138234057445584
0.4709534397046218
0.07924164393694766
-0.5178622272598086
-0.14281638294788945
0.16000643476165077
0.4831465742026133
-0.15853653344168017
0.06494113118407396
-0.05861958379944121
-0.3385188507722606
-1.9803179023242345
-1.3758639703343452
-0.45211772314207777
-0.10125558991693251
0.2916632815040383
0.07880913708390547
-0.4706300675048384
-0.2893526522337668
-0.1233285528902841
-0.146182980341224
-1.677461609247633
-0.28240773983304934
0.1535271285996418
0.131705787376603
-1.0834027895582108
-1.1688174984561481
-1.2797699331846561
-0.9216506732053918
-0.7074405378596502
-1.4298350110821252
-2.0341329638359267
-2.083604439952913
-1.8111768025942354
-1.6312963014205475
-0.7523702558670233
-0.32971482129718654
-0.12141759984256462
-0.49930590706533917
-0.36067455798280956
-1.1519496945769914
-0.6009378053132723
0.20065909154534856
-0.4643512627612436
-0.4310670658970758
-0.10932377264231463
0.05846246437474911
0.5271115381204257
0.33067223961887016
-0.4108171887147354
-0.06918083100558214
0.4259445492211624
0.6671157290266909
0.7511769488967908
0.9190141063642503
0.7731230700608902
0.9852736899305128
0.8437714032982988
0.4529201732008332
0.5424192130636916
0.3487162312053982
0.26545036730490446
-1.1805741820711206
-1.7364782639699645
-0.9853386691142402
-1.1033650828587969
-1.5744780291860045
-1.0973587722931082
-0.2220266402084886
-0.9333235577783948
-0.5247635598624183
-0.4969803785547855
-0.5799920748916586
-2.009721676838157
-1.2355401885322341
-0.630263521925475
-0.2426669372187792
-0.18846889485083262
-1.6692709959625622
-1.5242723495310542
-1.5531700586583026
-2.0886031686424964
-2.37947090877549
-1.699427849010755
-2.4558702459500013
-2.1340152580582656
-1.3257855640331797
0.02358960370091956
0.19218714702838224
-0.08293858255006614
-0.23886175373644425
0.2522096173323922
-0.13788111478130882
0.030011954749716407
0.4574083114235019
0.42051644416323275
0.2849560646068745
0.5832096103805848
0.2545697084237588
0.4863032200633197
0.4540779669669257
0.35883677621923127
0.5557117108847867
0.20233031325260398
-1.2428086407215768
-0.7201236180836992
-0.4554989453125816
-0.0011541581362606301
0.05932659269166707
-0.9053684025558348
-0.5505441838547094
0.402330565352077
-0.13836459451366045
0.6095297239709512
0.8348907971903425
-0.20159167058731864
0.5181939292094537
0.5307716273677963
0.7338700094365982
0.8856406245422661
0.8737740624067787
0.868856276966002
0.6688355526987657
0.6512935086795488
0.404100622399852
-0.40958695539055867
-1.661980976496125
-0.92107991641364
0.26667851535332177
0.6865430901687108
-1.6109222875691116
-0.7819512288366994
-0.5121343999636092
0.08153113223793462
0.3398598573541902
0.3325455468511793
-1.860323966011243
-2.347875024836646
-0.7959571663444486
-1.787224524244262
-1.5088063686089557
-1.9423151498556597
-2.459676017473891
-1.552864988632837
-0.9031236969319314
-1.0996968278498893
-0.4258611762460388
0.21936792121133464
0.1903450378401801
-0.15667467681956104
0.20552481030662073
0.4178127054719549
-1.3984492858715012
-0.49807290944465266
-0.3155652677100671
-0.40017916980703916
-0.7976928375702599
-2.3973234934435235
-2.1960633197597232
-2.447243033033135
-1.8892712648723484
-1.0345666908870343
-0.3615691628429841
-0.5235504554384786
-2.170145338113624
-1.190500879576397
-0.43425602496750304
-0.2993706030018841
-0.03976450138425869
0.1921122397518058
-0.27915922403663285
-0.9520284096861293
-0.8672902714764585
0.08004853850005156
0.38738903837360494
0.025687197328240652
0.21529019975154218
-0.2685313072081792
0.09270934388801155
-0.14729845758341686
0.007663421615085264
-0.28495057654238853
-0.6016921877806815
-1.793565612060131
-2.4514637638738757
-2.1082821696993648
-2.617717238782095
-1.64557238758987
-1.2099276638647474
-1.9975793081199371
-2.2046705290013957
-1.2644028357996007
-2.057999966917037
-2.520456795676056
-1.8101905234859355
-1.9448881284143704
-1.3700508716193487
-0.2315098603404554
-0.8302687574569334
-0.3355376423280191
-0.15956478710294086
-0.8234158048110845
0.15052703286141722
-0.11767121125309754
0.43623330601562915
0.7004735780124596
0.6523343033442586
0.2616777115538589
0.004529328619789608
-1.2701565100367775
-0.2642166143810999
-0.053878914577190296
0.14409443770860952
0.016096717415227557
-0.3879621987290143
-1.028621075323095
-1.7982239953221968
-1.3269867934115487
-1.214073902889547
-1.17723457645016
-1.0390213765264102
-1.828164104475397
-2.4130104328608253
-2.2829294753479585
-1.4913241777572932
-0.6166151035532149
-0.580610725827863
-1.6773340509630943
-1.161003869742561
-2.1400924431303645
-1.7101818559039392
-1.8737886464250244
-1.1426292578427104
-1.5693136898569255
-1.969075283425647
-1.6381764073687206
-1.838935435755598
-0.29957417513671303
0.1589129728564378
0.41524260251508416
0.3868039551437683
0.2658161753668056
0.2666548006533467
0.30377997726775896
0.04904388847002639
0.26135384744055146
-0.6485065880628427
-2.203606443945958
-1.4915884061193911
-1.1714295593015491
-1.2085640278277663
-1.1977275608642128
-0.9514191133982937
-0.59181474338086
-1.0768709132088157
-1.0892416417884523
-1.5911224591276065
-2.14117026477629
-2.7813863466525057
-2.7994778608918853
-2.2017248227560637
-1.2168788116230527
-0.5556402270970093
-0.04244749702465511
-0.26126945762298526
0.09092240503988447
0.23712713752689352
-0.3441217515839907
0.1203526891238651
-0.030987750745438136
0.5644340219709683
0.24163329449033255
0.5325799713693349
0.06597278014931551
0.4764925048207471
0.5476660948780012
0.059530117234499746
0.3277172078629145
0.3968845104602414
0.45265819184161527
-0.4412193356841597
-0.13219966053129562
0.18937300047663785
0.25412785684665584
0.3804950816646755
0.4815511688348988
0.007446424299908161
-0.3426864669578731
-0.42439690790871
-0.4458301233947939
-0.7503904088301392
-0.5003298363300442
0.2457227181826933
0.46712160830127014
-0.2739699651523453
-0.412625330177663
-1.894987565464068
-0.18433086208167193
-0.14076032432655805
0.1288892338181069
0.15148833021115515
-0.028065948562487897
-0.4979991827901348
-0.4840790503525606
-0.6221730657713107
0.004436889876291206
-0.19729732912196685
0.00018259834107658968
0.2998733195522021
0.45104350895419754
0.39186938844284125
0.2890105767856779
0.3370319954654959
0.21619533642706412
0.1510248339306004
0.04835383689191142
0.20542630618665814
0.23995324136035734
0.36245157081630563
0.1761129659301801
-0.3760310564549363
0.14810750544890072
0.3980544850677379
0.2163751393265696
0.1577686748153948
0.09868255917492674
0.49283843182404063
-0.0359615770578412
0.13567270466674963
0.2589603434648431
0.12069380614898462
-0.8057462881304811
-0.172268546301088
-0.1971752078105049
0.012555515092414371
0.031688574135188
0.03573036411153807
0.05229260746315778
0.0817066847441612
-0.02864982882883882
-0.4360948274547809
-0.6364898691423334
-0.19675842669697619
-0.841238497763245
0.03985263862521937
0.6462344295879652
0.4461938877184852
-0.28275098377728103
-0.4252269501583944
-1.2432151932436906
-0.2551765009960082
-0.02313897537562193
0.19353594151063191
0.012499430291112779
0.22647047251691976
-0.2554486183703364
-1.8323368152106245
-1.441969835205709
-0.5225543957303498
0.23616688165318167
0.11275608802537262
0.3632815360625521
0.08455068411841982
-0.10723829063121992
-0.19765897568472623
-0.01786860437433857
0.12504668657164042
0.060719742309289115
-0.5956844367343818
-1.1656534953036843
-0.16512694313940846
-0.21147946713118615
0.0454104932896533
0.014355612668670803
-0.23718506565299102
-0.10554565103350111
-0.1441688167465307
-2.2280042558827375
-2.1500973334942683
-1.5428700523925785
-0.3537785746493707
-0.15025536577747345
-0.32774451027830953
0.264893123148054
0.41726748871939034
0.4850510211039196
0.10491991752904828
-0.4314458003017698
-0.5792361350021782
-0.24934918433327202
-0.6741956146889505
-2.177245523401152
-1.4939887592838206
-1.2571615668594933
-1.0259514319256378
-1.5970177097567098
-2.484841081158175
-1.633681891815745
-2.219936033860287
-2.218752693843374
-1.115863575514067
-0.38647379202538146
0.024278489249699442
0.12038691085911091
0.2593552830634904
0.15746959089614765
0.0875035061823799
-0.8865382057690302
-0.7117020431963306
-0.07356644913947719
-0.13561113693381022
-0.49334170139587363
-2.0077831939275392
-1.3533061954676195
-0.07035960613763259
0.18396738571028481
0.46484790268266885
0.4747011227817268
0.3077621352504807
0.6335475849598389
0.7195937814528981
0.8784464544771338
0.7805317359337931
0.3720068378779453
0.6145502568468066
0.5903646495177572
0.8367144051008035
0.0483486077794002
0.3769184714213163
0.4607376216345489
0.5556696373886691
0.3552191673806624
0.31072828956508824
0.2245393954178201
0.4386490683184825
0.39143334388744333
0.1046203054940249
0.4652232858858232
0.0023313359500629627
0.19467977696111216
0.26904986616989235
0.053163054576836455
0.3988335200039539
0.6199593352839738
0.5280805466553804
0.07944860264292175
-0.43285912430413775
-0.1144951963746661
-0.564156257975604
-2.3116508653582457
-2.4314899842627877
-1.1987679627657306
-1.2580008875848616
-2.357991643722956
-2.2389958555099927
-0.884608283148409
0.05140106705670022
-0.12613784742436285
0.23847235199407257
0.23602450085982096
0.2025992619282413
0.204661915314871
-0.8618013564421243
-0.688875835507854
-0.043540623822331925
-0.12100782133640364
-0.36557209513070243
-0.09976800276078523
-0.6603310362928037
0.01617865695989673
0.09535861080456587
-0.7951873052911569
-1.555705257094317
-0.8761344904832145
0.24304721171304355
0.22585562295627093
0.39701989876614596
0.7081642671180468
0.8142298197050557
0.3262167484457026
-0.9771733775590097
-0.41831241785452755
0.07062816874789668
-1.1512585698529196
-0.3904771816840541
0.14555407695271705
-0.09619096242785607
0.31234011411996776
0.21912555001177236
0.20259891183316436
0.43635564787861125
0.29058824567968755
0.3276509141896027
-0.012511256423181072
0.37142998062041266
0.09662714921394411
0.17405118284162957
-0.04045087719496876
0.21461440306533008
0.17115378068877196
-1.5300856586816203
-2.4360846178153697
-2.5330380546688653
-1.110690856019433
-1.1800036002304763
-0.23009697813645003
-0.2822090467920009
0.04502501542165516
0.0275352661035273
0.13672867913720643
-0.09686683671749585
0.06647927813279053
0.030642106222878995
0.08319858461075591
-0.8279494353282484
-0.3378701194021476
-0.5167021978292593
-1.3671838996883965
-2.1307091968870324
-1.0575107124467515
-0.25384692783997265
-0.6409806512195673
-0.5342265191784964
-1.9575361319613118
-2.095020656023708
-1.7012952114328033
-0.6492118988265378
-0.6914469012262678
-0.26595599979682905
-0.5579191922844192
-0.6662731529684485
-0.24382268862175294
0.0023104652981287277
0.08749767455965363
-0.04828334047741567
-1.388701238313201
-0.44436356326001847
0.1095164611242112
0.12007252566017113
0.2711481826775708
-0.07338872898605775
-0.5383321742466113
-0.7123097638500294
-1.012095375176001
-0.8181921085173403
-0.8287700592073232
-0.5822918666019424
-0.5960319137932943
-0.06437253578253199
-0.1625340216904807
0.29129399292211966
0.7028906118867932
0.5629587600753905
0.6922544621941042
0.5176484489117044
0.5815606639658466
0.3677824012861668
0.11165996105647413
0.04433947851924791
0.37045663609049106
-0.08445216243534581
0.3068192554050364
0.19558222839158756
0.3251070230634696
0.6521288707530111
0.5424894225503909
-1.0844775246394704
-1.3917077881064808
-0.021114194843215417
-1.1313933965265193
-1.2554410729439822
-0.41721585177409626
-1.0463010569322693
-0.6857584359657052
-0.05739948217879376
-0.12858000036424522
-0.23909242436295508
-0.7966075429862028
-1.1383227520531656
-0.9871107920215174
-1.8144999281220202
-2.0527837758139516
-1.525621770754185
-0.1498161080597069
0.1735060627589078
0.12413924209995386
0.2625540275621223
0.36479264112636334
0.5248594280216257
0.4651796453266144
-0.0026408678292353382
-0.8644951427697074
-0.13063192624848297
0.20128014061299315
0.10787558586210544
0.1169870755677187
-0.7373398151498708
-0.16290656648747115
-0.2652492812148963
0.2228036542694929
0.4401638244689574
0.06821257231645417
0.4306997956439724
0.25388837400807174
0.3182554763933454
-0.04901101528023122
-0.7897931889743185
-0.7830812752411911
-0.9603887107435303
-0.4147155023951177
-0.09007237224866982
0.44156959539009955
0.09488780372065952
0.5129490351048507
0.7547208208522795
0.8987660729207703
0.711319241722834
0.8945615411803896
0.965610495941301
-0.35348942395664784
0.5971013542521517
0.48311821262578314
0.6278410441229338
0.15203145326469492
0.08160293816862718
0.32985668425007275
0.10610903134565386
-0.02775154781131639
-0.13041562578518162
-0.06580014241648002
-2.082951377199623
-1.6353374179080518
-0.5401471922850495
-0.32940890731271977
0.09145059211320361
0.32848383457019614
0.3512489736300457
-0.9631658940594876
-2.0875282298787736
-1.1751254397057482
-1.765073075948917
-2.0536735949118503
-0.8840008680027478
0.010281676084408664
0.38397951394309593
0.19252067123441896
0.09901494584294723
-0.6467326175243026
-0.10799759957733523
0.12825935278442202
0.040898211212832214
0.06105717429460955
0.29009624111945254
0.48426514926336917
0.1222559844176263
-0.19722292566284505
-0.007736258658470163
-0.8451164419145476
-0.10387439393119746
0.088804205308046
-0.3412040459489716
-0.5096609561709738
0.10051097937988906
0.2765899241093146
0.18478189827245584
-0.7517552609861002
-0.8541378792221758
0.43033131821185755
0.6086501845407859
-0.4626566419149094
-0.40681735673625874
-0.042385375843105644
0.5052518337854006
0.5179019554139248
0.2843201881480988
-0.8308738395065444
-0.26565879566802875
-0.18142921289388192
-0.28276262944127395
-1.3015392588637396
-0.4015556068212146
-0.3302176828787019
0.1115121631429512
-0.10821624046071299
-0.702826858277799
-1.6378220262718304
-0.19543079074761516
0.15098308396590387
0.19623123013263744
0.2708648201203927
0.5658867161815941
0.94761068739347
-0.4064080664553771
0.263482623914465
-0.5675197397198776
0.0972302384371102
-0.3617652620579166
0.5243336155785829
0.3054757353749611
-0.5383024997412997
-0.018832291556806657
0.09229876387364011
-0.008717127781574519
0.2430010649679024
-0.34391172447856344
0.7175784583578619
0.8585417550803591
-0.1845278984870935
-0.48444726546426
-0.9863169408225065
-0.9352337415357452
-0.7294038507446741
-0.867761684989571
-0.1320766828283524
0.011980088099426522
0.22861670969760728
0.24028190706072738
0.11377347162386808
-0.2791104739395379
0.3235746163720672
0.28132957398625136
-0.1274428314486138
0.3704879358904287
-0.05118512715242818
0.5015383793851274
0.03855019831307138
0.5175948095147025
-0.26556080897825385
-0.48863714910181444
0.019683974664666426
0.061347100149996114
0.09314275010911888
-0.30037676260922574
-0.5886834773990517
-0.28373152358524134
0.18913736322707098
0.344825392185675
0.6945999715161011
0.5764638953580417
0.20794923090869477
0.5518765943411559
0.5159701227148961
1.0042957139421989
0.49358377309259494
0.5521879646703678
-0.8182802049189339
-0.07549100418813492
-0.6689985935764085
-0.16761624698035305
0.2060607827805545
0.3432139023309355
-0.2209522242494657
-0.6986122569163239
-1.9651838578807217
-0.9585636094076131
-0.11040349358291524
-0.20193773396417014
-0.05255394248061229
0.029255563140894614
-0.23034438693651849
-0.22084391898491396
-0.10561333674182616
0.06905454871332184
-0.29971687270897374
0.39461957229704825
0.13615120977161355
0.8621672523458075
0.8400917650192692
0.878838318443923
0.8923336483674322
-0.1312486954631602
-0.3352176325203089
-0.2280927529343717
-0.17228415037710865
-0.3179127529614756
0.273755480797343
0.5481373592690801
0.8344562057125888
0.8891925500079714
0.7877681125577167
0.7981510903249125
0.2843760707732015
0.6230046303806922
0.5721522324203372
0.3757113494100144
0.13188821745388712
0.20724356932210375
0.05778143590503704
0.11304625917027988
0.33354173885968685
-0.5393628931498945
-0.19628290754189615
0.053297044280409045
-0.3702625698492612
-0.570164467926072
-0.5598513169782064
-0.21481059408081682
-0.6814165261744574
-0.27760151435288305
-0.11408935273065479
0.08806347707915907
-0.006583799930930834
-0.10100740944661113
-0.12824380657147416
0.024467148583346754
-0.5323423470558895
-1.2446407027022386
-1.8742697048160322
-1.1818791950146164
-0.9638671676570596
-0.5533157065266178
-0.5026859495734044
-0.7110516858132844
-0.9106286857797132
-0.9723090502291563
-0.486168244818601
-0.3023529961064424
-0.16519925409602076
0.10793512119251925
-0.27639828465350513
-0.11241518174893605
-0.09116428433469226
-0.7145769235269246
-0.67889226012486
-0.5005813995648298
0.20734696204734826
0.22721227115644216
0.27490958468491544
0.31135637999869537
0.4042169941469014
0.039794516563239846
0.3857559648943605
0.2765357894052156
0.4754166906168342
0.5669567916072629
0.2344833127487045
0.31099539322281156
0.36462519570770624
0.2396422663576805
-0.27773611884274396
-0.31896794566472597
-0.056581090634574505
-0.2865968247292423
-0.22828131890565972
-0.2691449942824182
-1.596334232136368
-1.8445917738228077
-2.248124520977294
-2.3888284890159643
-2.3678330746231158
-2.438652164044253
-1.671919643924583
-0.6656347563422564
0.018438067878933317
0.13322319807040484
0.3454956220199683
0.23767212216512035
0.31487670284916436
0.39390076871495205
0.45663060764237895
0.3423406278864318
0.19251232764527892
0.1972397203825016
0.10128072357901674
0.39206246884880813
-0.1458459622475401
-0.09337379451612948
0.3812708885513161
0.25849051922468314
0.15643681799642506
-0.3873044557031362
-0.16791626904800538
0.06730803399839469
0.4023529753420372
0.4301074493261938
0.5483573269859408
0.6921984758011528
0.5079266398065971
0.42553903912523094
0.5954989829234376
0.5239828675824791
0.14999360802359774
-1.2030250428250449
-1.2030250420756534
-1.203028430773007
-1.203025056862955
-1.2030256937532533
-1.2030250672348708
-1.2031100817005402
-1.2030255502634033
-1.2030288374139766
-1.2034141945512016
-1.2030519087480855
-1.207318081757314
-1.23635074964166
-1.2138409606399594
-1.2116958697618625
-1.2030596147530708
-1.2030259611658114
-1.2031197383253833
-1.2031123282319607
-1.20312323627891
-1.2035950475567667
-1.2094569641651678
-1.2030270461356756
-1.2030253503933244
-1.211105341834118
-1.2030309370211303
-1.2085405857652898
-1.2123902748809743
-1.2030364169733596
-1.2534294704115065
-1.205304084878914
-1.203025252092211
-1.2030250441630421
-1.203025088331513
-1.2030273800627005
-1.2030251845169118
-1.2038470722127343
-1.2053675349748607
-1.203267469619768
-1.2033891877616407
-1.2062164793279215
-1.203103484057343
-1.2030259773587009
-1.2030254545056223
-1.2030254585939513
-1.2030252218186046
-1.2030251525058402
-1.203025139963224
-1.2030285655681445
-1.2030522235446162
-1.2031020774133232
-1.2030439959651542
-1.2030266245309122
-1.2030343275057285
-1.2786514245913023
-1.4586798875750515
-1.2085527492486028
-1.203031768925595
-1.2038292235327281
-1.2031859384990764
-1.203026039919947
-1.203025477566163
-1.2030251127656193
-1.2030250825686069
-1.203025431738366
-1.2037168983316837
-1.2287582758570639
-1.2030496292733248
-1.2030288325471972
-1.2103698754919812
-1.2182992828785832
-1.2557378225543336
-1.4094764970955562
-1.4902011203423196
-1.225439725495731
-1.2320798278459726
-1.2351875312712088
-1.2106748611588845
-1.2040731864299388
-1.2030517263176308
-1.2030258862042977
-1.2033465411096806
-1.204212656128107
-1.2283047721369966
-1.2046304907729777
-1.2110027781714856
-1.2030595683013732
-1.2030402822920747
-1.2038331003071703
-1.2030275108303505
-1.2092249318125254
-1.2030342757131638
-1.2030252031418625
-1.2051779833357659
-1.2088567711158846
-1.204972878697094
-1.2032538735086684
-1.2058298451359004
-1.2997790854409386
-1.2181377564664293
-1.2053069339895708
-1.2031194635847986
-1.2032091071218478
-1.2030262681173078
-1.203048708382916
-1.2030612082244851
-1.2134456376933918
-1.2030361369465075
-1.2030259441865074
-1.2030250781031742
-1.2030250717033584
-1.203043425536374
-1.2105496154210336
-1.262587650868294
-1.203025333592171
-1.2030658364046412
-1.2030250420665105
-1.203025042066508
-1.203025042066508
-1.2030250420669266
-1.203025042066509
-1.203025042085678
-1.2030250420671094
-1.2030252873715443
-1.2030250432478495
-1.203025042066508
-1.203025042066508
-1.2030250420665103
-1.203025042066508
-1.203025042066508
-1.2030250421016722
-1.2030250420665123
-1.2030250420666535
-1.2030250421633044
-1.203025089072013
-1.203025712478844
-1.2043383468574622
-1.2030357901215571
-1.2041616864473654
-1.204929732670993
-1.2030941814041973
-1.2030250435475185
-1.203025042231135
-1.2030250420673374
-1.2030250429040574
-1.203025042069213
-1.203025042066508
-1.2030250420672417
-1.2030250446298167
-1.2030250743522661
-1.2030264938886392
-1.2030283059522375
-1.2030250428071843
-1.203025109251941
-1.2030326339844262
-1.2030271118778852
-1.2030971746282548
-1.2064796277365006
-1.203605233691845
-1.203046566630728
-1.2030253032564753
-1.2030457328107103
-1.203718325802433
-1.203404160698809
-1.2030250468913768
-1.2030250424255684
-1.2030250426912985
-1.2030253410280716
-1.2030925043890008
-1.203025042131051
-1.2030250435816174
-1.2030250420925876
-1.2030250432828027
-1.2030250421493434
-1.2030250420673254
-1.2030250420665232
-1.2030250421911406
-1.2030250420665116
-1.2030250420665145
-1.20302504206651
-1.203025042066508
-1.203025042066508
-1.2030250420665083
-1.2030250420665696
-1.2030250420674897
-1.2030256618462072
-1.2030250460857297
-1.2030307064748307
-1.20302572281722
-1.2030308873848063
-1.2030256006499562
-1.2030252258489835
-1.2030250421191961
-1.2030250616429692
-1.203026769260295
-1.2030292422742126
-1.2037296967904432
-1.203055632696272
-1.2030251849222797
-1.2030418871225899
-1.203030385026878
-1.2030808823332997
-1.203032427139221
-1.203025550721425
-1.2030253407450315
-1.203026152335962
-1.203025482501436
-1.2030284177666468
-1.203025672391648
-1.2030300503117595
-1.2030266785331376
-1.2030279385924387
-1.2030357565049314
-1.2077151289926673
-1.2465273217415456
-1.4488056696949563
-1.2158029074305106
-1.2315629343169556
-1.2094963793317786
-1.2034388491597077
-1.2030818602957711
-1.2030905883912617
-1.2030273913173652
-1.2030374091806044
-1.2030253110398108
-1.2030261610587687
-1.2030377518832192
-1.2030286592305186
-1.2030679930417323
-1.2030710962709457
-1.2030310374496085
-1.203033923121804
-1.2030970491260806
-1.2033301542692958
-1.2030319736527937
-1.2118018404121933
-1.2038152597873752
-1.203073705337382
-1.2030510149585485
-1.2036248631929423
-1.2033365111853966
-1.203283569159528
-1.2031433758731354
-1.2031027947539916
-1.2030569654647458
-1.2030836850518702
-1.2030318882886932
-1.203042281309432
-1.20538567444513
-1.2033519252669116
-1.3180929755654747
-1.2155666901495827
-1.203487223655781
-1.2030485685590975
-1.2030308543426118
-1.2030287300042342
-1.2030342259383955
-1.2037485291167718
-1.203180433080991
-1.2030277317669646
-1.2030392431786445
-1.2033737953464334
-1.204494547109884
-1.2238838874807827
-1.5284947234170154
-1.8523180681922327
-1.2125898478733526
-1.203073254312836
-1.2030562744197402
-1.2113651882147294
-1.7017866634705978
-1.203025042066508
-1.203025042066508
-1.203025042066508
-1.203025042066508
-1.203025042066508
-1.203025042066508
-1.203025042066508
-1.203025042066508
-1.203025042066508
-1.203025042066508
-1.203025042066508
-1.203025042066508
-1.203025042066508
-1.2030250420665083
-1.2030255461441823
-1.2032948727193582
-1.2013642510995717
-1.1802619912230505
-1.1543913376105053
-1.103532419952762
-0.9695575863892911
-1.1115728327060923
-0.990090400173209
-0.9971441869340809
-1.8582479309733273
-1.9487161610640733
-1.732845904012557
-1.4642673285194079
-1.289820212194161
-1.147421944773563
-0.929797844567258
-0.8041249999120796
-0.6581999903450603
-0.4311075520646874
-0.42612720129743464
-0.30431000073235426
-0.46340637175329635
-0.03254258250025721
0.09458097215027728
-0.6453791747081438
-1.0598719601155393
-1.8558103391095488
-2.2031906711620515
-2.036652181817822
-2.3267580768906853
-2.2784268190629406
-1.8445941718899168
-1.703562188716249
-1.7760090127774766
-1.6314530851456501
-0.5562259641267986
-0.7078507949551234
-0.07126461660577377
-0.4669054087956723
-0.6459549943304421
-0.507003263784548
-0.6787987703304394
-0.8382565602785288
-0.5376793046743706
-0.13245198134807734
-0.1412463996705322
-0.08132231429932024
-0.3832732583063978
-1.074445937613959
0.08509268388197921
0.10934263171254388
0.6433635433944469
0.7203810824436858
0.8114477151661441
0.7667440232381635
0.928144784006544
0.8785187086679407
1.0622529200270365
0.9744816719554155
0.9229912601371486
0.9359466241511731
0.9288029882299782
0.9611851181732687
1.0082017433860402
1.1047953369601025
1.0124576168740418
0.5578807879069596
1.280199535426694
1.1582428198496244
1.4019538193245464
0.9466902745772525
1.5405899365786355
1.2278300041611108
1.1024346488849794
1.0718896640990383
0.9886575927252477
1.156320657699905
1.1151899878015297
1.1958805389677003
0.7212030157031251
0.6939534112726575
-0.37494807216750115
-0.05931539400729635
-0.6928265483068907
-1.4836282823158549
-1.313364007633367
-1.3588941953224754
-1.3080362519810946
-1.0182091203519548
-0.7772207124656263
-0.25470709979856476
-0.33654027924669117
0.027887809318417167
0.14886710221863897
0.10581767080062154
0.4921905118975738
-0.7386954791783127
-0.09358276357032702
-0.8436951206740976
-0.17482471498131802
0.34835048594386686
-0.7210575864336273
-1.0315595683482541
-0.516412696519059
0.6919844876554306
0.8095169442294374
-0.2676571646562004
0.16193043915130345
0.08073806383991045
0.8589831269827732
0.7143475533816237
0.9450572271078459
1.048555000615332
0.06048759987963548
0.9561657137500632
1.2707739442174752
1.1074712150737416
0.6335642187795889
0.5361358519220634
0.7388240298021549
0.9919030451334849
0.7042530894915056
0.643772274154274
1.0907330845871586
0.8420319947393102
0.8567240881695033
1.1369666389821191
0.8290392185907745
-0.022804216178069714
0.4026217236894376
0.8992344389955573
-1.3380540379829247
-1.3700336946052536
-1.4213578814686898
-0.5124284446777995
-1.2162110135094233
-0.3292290430914562
-0.10335984769699702
-0.0771233607243007
0.7994449041177794
0.27252047465811646
0.8262184023255872
1.106679538115195
0.9990330031502384
0.09900662803121918
0.23544048808223916
0.10337680738059629
-0.9662134362906074
-1.5445462801965382
-2.2514041881005733
-2.0466448671020827
-0.4488987933298486
-1.54944957206196
-1.64252206722287
-1.2405061440107932
-1.1368841930713545
-1.8811052822640693
-2.4964031723654956
-2.033205379032038
-1.9116358410618417
-1.2896763109196943
-0.5484471274174388
-0.5401641309833186
-0.6304743176055054
-1.0635017130139768
-1.0040229634992603
-0.5281436426956349
0.15253805578686674
0.4710014828383784
0.6601373322593769
0.6309205987171371
0.5514081532261033
0.4135107658300894
0.4942407401881017
0.02238900659167098
0.23623375256302537
-0.4489222882845171
0.13532866627940554
0.24518761414346657
0.010239396284387636
0.41006663120001585
0.6452647341529993
0.8556902572456766
-0.011944490719371315
0.7082077520906551
0.3991084779520271
0.31018074223038994
-0.2707937768066889
-0.08912644798649105
0.06702515057465619
-0.04307157188488597
0.010805254853869739
-1.8038775618493434
-1.5417895648263078
-1.7997907898659848
-2.1861035568750333
-1.7417271393755773
-1.2258713847958318
-0.9456174849728979
-2.1172767101162986
-0.8072632967284048
-1.435684000572623
-2.0407434671562834
-0.5748924666507309
-0.5968669067330953
-0.9348958039242942
-1.0920188695776467
-1.9922232448356652
-1.6327808945681102
-0.4817308534657494
-1.7821732609260716
-2.0995585985409027
-1.746573943848273
-2.3548431364248463
-2.194904866253319
-1.1010753454857993
-1.930317489110517
-1.1531624792725075
-2.3309753824209327
-2.4634096183736265
-0.6685454955726573
0.2104370157704918
0.11630110343806388
0.5024407953468149
0.4834961582116335
0.6995647071073805
-0.6663583091518991
-1.5810095031241183
-0.9521062947853329
0.2136013117003257
0.6969817910722242
0.2846616813502467
-1.5097364030261633
-0.6330122506220803
0.17046720455649855
0.0865689259141067
0.7899746805667791
0.6836692677035525
0.8563691684783967
0.7693015837015063
0.49793555947447143
0.521436449831346
0.17090226061765423
0.5677091493779967
0.6974979252198836
0.26916044269430395
-0.8832698964248261
-0.5903528012143973
0.060724159992504356
-0.017176215057171484
-0.4138951277322426
-0.8317254192611755
-1.6419978099099453
-1.2454265905476705
-1.0960947251347979
-1.512877739754166
-0.736483717638431
-0.2847473376202234
-0.4747437593179903
-1.1453590084042156
-1.0561746629620026
-0.9159020343388623
-1.852890985823234
-0.7104391854630822
0.3441053859202896
0.2309996692645464
0.3061627610275055
0.7614521325635197
0.6756847715931873
0.7892179467778537
0.1242993902455749
-1.0145973285520427
-0.30061511116150763
-1.8070918008264991
-2.2668210198623626
-2.0683922494211404
-0.5366203818091908
-2.2211634263780633
-0.20367254535619672
0.29850858642871647
0.6574392701353295
0.6227534706132547
0.37917247635894813
0.6230973037320757
-0.7320701743522423
0.26183656961819657
0.3968155635521222
0.1543054192032829
-1.235259484065908
-0.5720925612063931
0.3390775472316059
-0.03672326180073715
-1.7880171166048302
-0.8531050047325937
-2.1969890775153122
-0.7816086953488072
0.28853849769619555
0.9076048662426988
0.7485297904481787
0.5933305584040054
-1.1376852198203118
-0.6355111810262458
0.4856189536818045
-0.11129520598318465
-2.339290100474952
-0.4176294665142043
-0.505793820904493
-1.9108488166096624
-0.31438167751754087
-0.5687802055362642
-1.9209511391247742
-2.047118323025153
-2.5852820430090677
-2.0849577766358554
-1.5223669270921758
-1.9040363687657047
-0.9521030290759038
-1.3549970197439198
-1.6183747836641469
-1.7412735461654785
-1.604494222004369
-0.8967369464120598
-1.3003816329393327
-0.2509359638429305
-0.6466178412740866
-0.06263823585914108
0.03704048335224086
-0.2667882036927436
-0.78090176557698
-0.3776878562978785
-0.7710609357296352
-1.3807175406186305
-0.5456637979123168
-0.8303164023444796
-1.0246872646958318
-0.66374645439626
-1.2817976814538565
-0.7729744137008556
-0.4021041060496138
0.28869843349112245
0.595005615278043
0.7078330325876887
0.2465337948955657
0.39592004413798887
-0.32609040853317217
-0.472154721941499
-0.34846507494537193
-0.6292264743560769
-0.5904083171715436
-0.05733192925174535
-0.04896526679616886
-0.23075464525539013
-0.6873773570607412
-0.5253509226657149
-1.3808988753254043
-1.368354781870214
-1.6093433255827057
-2.059518520286484
-2.2621490069263563
