0.42439605721113316
0.37574786511752767
0.050508117435642985
0.262310082526682
0.4339394633575715
0.3902736497904902
0.0009737460795781194
0.35405686669888436
0.06682333918693906
0.399827994838847
-0.5660588101656975
-0.5112234571852459
-0.1799367437258198
0.11009430499430684
-0.04827326542376398
0.054149170229037646
0.2902190319264768
0.39764955379026934
0.41160873160627376
0.7528017210292057
0.6771088549996924
0.7325296759773385
0.9275558778464139
0.8495618060981835
0.9403235602362492
0.7531354506561041
0.9453835613291921
0.6111495720860487
0.5549635843692984
0.3783000478136931
0.3934318468021849
0.7418131997579953
0.46615932888843115
0.5885255482582341
0.6351837019295252
0.3928818231081179
0.7501688380503004
0.56821153021241
0.5145462054772605
0.6205445451749101
0.7763849226885791
0.9529544946486628
0.7732903385934933
0.500604514449668
0.6121954113869885
0.33191181691246285
0.6995573307483733
0.6802570111811026
0.6889708860976025
0.4694291770189305
0.4061121691067697
0.39577075803206263
-0.005612753449124375
0.3914394362889684
0.24854341142859382
0.39779789173943114
0.5100269757092082
0.2373548626358819
0.8319665972594104
0.6603203814189502
0.6397233845001458
0.16210675031172428
0.09098919395544947
0.08045578095445816
0.3856159485941746
0.06747258720920501
0.1264397444451426
-0.20799126324117045
-0.43495453527081357
-0.15597563766451783
0.17117355321896688
-0.31029299310821223
0.1123002592457476
0.09509391474409534
0.5909835033275879
-0.10722717156965456
0.30023143374077277
0.651716344292528
0.8407329792036433
0.6455551912814637
0.7335875786667831
0.9657676003891529
1.0477491545929
0.6265601282586033
0.8734667374304128
1.0466347670341392
1.268034369870535
1.0224220832417337
1.0199693276816417
1.0457764637567608
1.180543179863085
0.9742217039336831
0.7925140675636253
0.8804751018305379
0.2520421954313574
0.4909149719740895
0.6517450134180507
0.7989513824239636
0.7714826676909312
0.6715055507967063
0.6903379483378891
0.7114544027435856
0.9876520605008066
0.7192123567576563
0.919456269513957
1.08732285115859
1.2062787892058633
1.072069901960611
1.0910241837462995
0.9599372253741996
1.014129265429348
0.735768256733144
1.0330500433356595
-0.12709882769480174
-0.39986090239023
-0.31318090306859003
-0.25932090359146553
-0.18117684303197812
-0.03238337635544819
0.1935437713564243
0.21606759241172568
0.013365233041451208
-0.14830062500405816
0.3590023112895804
0.3148686887782062
0.36756119402582477
0.5881339091377995
0.7348651336205758
1.0030644885285602
0.6989723392227256
0.9883841968280389
1.345294215259157
1.1751573177978871
1.1041122466937334
1.170968505733652
1.3066412986798233
0.8668848123236808
0.6085085437148239
1.3797337738593514
0.9682695305432552
1.1013134303521528
-1.1117706344390894
-1.2164476299625955
0.28541103768943543
0.8357112302175951
-1.033026597412136
0.5761446992274342
0.28702590935721095
1.0419121850587507
-1.9573162306393515
-2.3390917767515775
-1.5803051815857385
-1.3363555031837104
-2.2173946532565214
-1.9757089557646277
-2.4183772848294245
-2.3665968960063397
-2.150341914873923
-1.8644952136134716
-1.9143498325130968
-2.336577781329721
-1.8466254282387016
-0.6977397153885025
-0.09721997628333767
-0.163352476414095
0.16112581808255777
0.6363156898007707
0.5148640698585025
0.8968963639530003
0.88737403721508
1.1706266482849828
0.9315803765431607
0.5650932882049347
1.2964704473775093
1.5282947498262895
1.394121521318506
1.3117971055146163
1.490706606381864
0.6980015554487962
1.2625038549132912
0.9430178029645293
1.3025672334381857
1.3568894489455043
0.2271845626121356
0.8810983365591929
1.0132033439198953
1.2018884059629198
0.2814510963653951
0.7985140975945193
0.6492838193155632
0.8345473145579938
1.0610240250555967
0.9120347335357868
0.555407686623481
0.7957702927602992
0.4069258897790953
0.34123872729610283
0.44256558743241237
-0.5250689038297373
-0.09101616909038768
-0.10741714127860713
0.13992351176278395
0.32308861027918767
-0.3502885735219233
-0.15893054491162184
0.34637542547595457
-0.21492708109223313
0.04963263838133258
-0.7017435845482318
-1.0718985970650878
-2.150791003252383
-0.6295317309194779
-0.2853536086145787
0.21455591410184716
0.0789594643928152
0.36938967369568565
0.41531794073625083
0.4167229284321923
0.5864925219657471
0.4699054060102652
0.8429248135612977
0.9044783594133314
-0.09012438107648924
-1.9204203253035153
-0.32551706881779596
0.15671573070075684
0.21654120853068282
0.7122483759159566
0.6804928456520678
0.18115315201237858
0.09288234420355235
-1.2105601143700973
-2.119895854657714
-1.6575851716179435
-1.0969047798598321
-0.6596145848826206
-0.2665259078144565
0.13463488953602454
-0.042394745723937866
0.23606092638341103
0.3677265261494831
0.6428699043262325
-0.8096481797021594
-2.051458941390591
-1.5232920617718357
-1.4356184122599258
-1.123158725169128
-0.5323151009699976
-0.7395214151016891
-0.11330924584741786
0.3739189671600416
0.7976453743222913
0.28466714010628835
0.4699263580522157
-1.0160203464353574
0.02920478880701194
0.43902313764982437
0.655603859684911
-0.2903990652493602
0.02830849183411832
0.13358685332800324
0.5598828639523676
0.9087394724574778
0.33930241597784483
0.19209828510765026
0.8770453358205388
1.0736699581242926
0.6586776652544606
0.5657272693370099
-0.045736706013745465
0.5076811979563163
-0.4329217339816605
0.02212710935733586
-0.1940803961870161
-0.28080758026889674
-0.5134124397544482
0.17850468344130255
-0.5781143094308423
-0.7431434943041266
-1.0167515605405972
-0.37643362226961763
-0.9278801374871049
-0.7896644949833121
-1.0747298160849232
-0.549459017417848
-0.9575488630374805
-0.40233747317463286
-0.015369107581664876
0.2596104384729494
-1.390497920872164
-0.2393585773171123
-0.4791162488678257
0.34763544561882065
0.5849947722087563
0.09910917000830854
0.406299947771249
0.33835148763890777
0.8154873286587736
0.8396056033928108
0.9542982630970429
0.6653451933135854
0.663885073274969
0.025238058015888076
-0.713185834783702
-1.6660931715889353
-1.904694715363215
-1.3004691405224849
-2.256295824108917
-0.15465287921267834
-2.1087739338256117
-1.6577028947007166
-0.6320677772880829
-0.46387747405934027
-0.11169205105751923
0.29954238696698154
0.23633932819929315
0.5017872284741893
0.5066888474501352
0.5206808762193582
0.11003908649634586
0.22681331904318935
0.4408757944382593
0.7318846028181873
1.0153210298119768
1.0996283824403088
0.2579791734383703
-1.8718729281298077
-0.32667462651558216
-0.3212048892176417
-1.9882161285321363
-0.38685941104728594
-0.04974941211484585
0.4022992430460779
0.3180068817554087
-0.15029519345720277
-0.16387355593755393
0.34924076481678856
0.4623778759573136
0.6105290976813116
0.48892221576132733
0.4775783794179851
0.1741373955024652
0.6023509699154335
0.8568154604958556
0.5358421058019998
0.7495855765782966
0.8075940087353686
0.7124032766274362
0.4409150488286411
0.3160429500781998
0.3527965930913475
0.14218971821923643
0.40112497958435367
0.3288743888845398
-0.5601891373463772
-0.287997704079233
-0.03952997784315526
-0.44272937940595253
-0.38818548207105597
0.5634389810399492
0.9312582802529086
-0.2433719986324554
0.027817172922896094
0.5531407217692899
0.2923274211284088
0.9331765427961602
0.7981572865586188
0.4649724648493656
0.045757956691627744
0.5962997961613403
0.986578024005115
0.35330494818474434
0.5337543217757803
0.6946991409874961
0.6432890261692166
0.7907875991095692
0.7082807971023155
0.930365428296577
0.6881043196187508
0.13179739275569857
-0.11376948964934752
0.4171514863505872
0.5383481171331534
0.7582094620872628
0.745885936717734
0.24896697609361396
0.49084814377024144
1.077133756480158
0.7461600496469565
0.7321070016715734
0.6110223678271061
0.4658897388543166
0.5279390936623474
0.4698296557948438
0.63612637778604
-0.2342989233434133
0.36869314955905885
0.7069955506390697
0.7811698197855548
0.6856685711955837
0.20448907248049664
-0.4092849697703902
-0.014300801831022225
0.4082531826246085
0.5908691695214108
0.02376305062753603
0.35257819669382284
0.2735605388267477
-0.3491231234534379
-1.3872909370508468
-0.9301397622849482
-0.09476913473564219
0.25522238448012247
0.44710441202904216
0.1627871782992676
-0.5624387829966344
-0.24669546978577261
0.11698477228038007
-0.1300504011065533
-1.1646227402649763
-0.19983834745413875
0.334036176506604
0.2714881991768989
-1.1832981691620263
-1.163670133672532
-1.230193463270243
-0.9242025519185744
-0.3359175232275476
-0.8560991025019211
-1.608855708096406
-1.5818087155167566
-2.086887628533188
-1.2008458620234137
-0.5423987287948968
-0.25793586193196716
-0.10564785403135546
-0.30039258099850985
-0.28447769274073464
-1.0299887533790317
-0.5410791660076206
-0.003289458797441913
-0.7684909755526956
-0.20979149151867427
-0.2709693971994559
0.0755827165552625
0.4415935940427518
0.17026260076086586
-0.3430172959583407
-0.07721968209135521
0.31863020704950595
0.5989885841736269
0.7709885926697624
0.9159058549754813
0.7187341497925683
0.8768602041863618
0.8331304001482296
0.45289845100272563
0.6994185646730477
0.4911919309210664
0.42098828349918227
-0.922327703132303
-1.6568709746832284
-1.0308155943475812
-1.3190145900434036
-1.7877435948281206
-1.2318585984398052
-0.09911709027584448
-0.8706351892328987
-0.5200639991275778
-0.5492040497548957
-0.5302193027502506
-2.5543697830833985
-1.4294781077222343
-0.45882563865438475
-6.195670502517903e-05
-0.17367437860061363
-1.8265435550008031
-1.5368484068214001
-1.1958634954819771
-1.9074859040014394
-2.1415194721359807
-1.5540269391076798
-1.78009950130708
-1.8673076016138703
-1.025673958916734
0.03227883762104711
0.10129002408374865
-0.06881737157957413
-0.18154727337467358
0.28456138041983414
-0.2942791895189496
0.11849993393828806
0.5423478862397961
0.6066808063462374
0.4594100467621578
0.6633957415087532
0.44495473450277045
0.6282398145594617
0.47198388614510955
0.44187972728875025
0.409397745239541
0.040224969422800294
-1.332858575162544
-0.8988274126683665
-0.6037050496283092
-0.22026105596737355
0.015511474108123924
-1.200694577987275
-0.7726089008260805
0.35859201388646134
-0.13203725174279302
0.5609937043007573
0.8747563274507029
-0.06735403402931772
0.6210502227341435
0.7835623923391639
1.1188522237704397
1.1925279956497168
0.4771359450446373
0.9518977896092105
0.7522011365561616
0.7385764539970316
0.33807819131294337
-0.3672168199865091
-1.5308541309770474
-0.7953043782193163
0.098685713508057
0.6124598878503793
-1.5050883727193172
-0.5050311382614147
-0.40715555881743215
0.14634492977988767
0.287223177976178
0.2818267964175454
-1.8413093936881617
-2.409302809953475
-0.4939079020775942
-2.1741343354130422
-1.3927004853486702
-2.023040344463528
-1.7538238569769042
-1.1434808029770616
-0.7901896641109971
-0.9735978359993243
-0.15407362822188442
0.2382766705992161
0.2718243623292209
-0.07735454223247151
0.28265683312491885
0.1864103883967687
-1.144849814121186
-0.13917064623444275
-0.21456888994613998
-0.05568424386221571
-0.649738523247811
-1.5859484787229707
-1.982250590683747
-1.7440910829546832
-1.276917504935673
-0.7256625487198273
-0.41725400261993545
-0.5421880221590382
-1.6859744230729654
-1.1092606653182644
-0.5590056149740964
-0.14569165077088986
0.09097814040806074
0.28700841245686126
-0.49352421137942376
-0.6429380877414502
-0.6280270630961879
0.39910436330008836
0.23723992656406678
-0.034941411143347145
0.031427540367101825
-0.3203855800510383
-0.15704600634364774
0.006452752224196612
0.22698248084832073
-0.02810426388798426
-0.5651703444818778
-1.452621685490067
-1.5005207679778527
-1.3234351090719882
-1.7603811829845744
-1.044219001290442
-1.0075765521344775
-1.2044516460200116
-2.0612811317362025
-1.095869380161008
-1.7935070532985904
-2.3241984099139064
-1.7947006495760442
-1.863655687557738
-1.3101478881828645
-0.09299020321290152
-0.7567697889592365
-0.22631798225813604
-0.04796278984877622
-0.8394888098781432
0.24053279471312616
-0.2553049001833203
0.33886468882513876
0.8057217963762333
0.8581710226671235
-0.012981703322542226
-0.180157321902098
-0.9980320720381574
-0.30252525577853073
0.012137567224577817
0.1446133853221927
-0.014436475790368775
-0.3951094095565043
-0.9709676426241438
-1.6527559912334535
-1.0046514913327333
-1.2288582250171027
-1.3586001760849835
-1.1829223377731992
-1.5570379459384254
-1.3979867919832736
-1.625939225934411
-1.4907061551260838
-0.94118116043479
-0.8251930876278174
-1.9836747699830888
-0.852378777785045
-1.830558121308681
-1.9284086494316182
-2.0228772425261625
-1.0640859037114785
-1.3036209339995148
-1.817584214272348
-1.7545803868831698
-2.023227940893096
-0.8253351504993965
-0.19133415101693796
0.383011411945428
0.33817681127722987
0.3535633128109734
0.25969331540190566
0.41697224607449335
0.24953625677029323
0.23284103144833268
-0.7999958614540278
-0.9210704947106578
-1.3104870364939902
-0.7706887053068553
-1.0817815614873079
-0.75421369866006
-0.6086901482597161
-0.8660212943770529
-0.6094838492420768
-1.0802982833779153
-1.211121914936656
-2.004012228960412
-2.436776326431654
-2.321106771762156
-1.7587248114015326
-0.7265499539888012
-0.27078739571609733
0.14927082757090426
0.14060149754741702
0.09818112028614645
0.3982899947129601
-0.4761603195409983
-0.0009298315033440252
-0.0044380639521769405
0.4968784739109491
0.10186606610381288
0.544395980844359
-0.18487789913658803
0.33874640487874097
0.5485062030380605
-0.06173102063263214
0.31593316272279437
0.40391212223613215
0.6271777037228812
-0.3777083980264883
-0.057839190979369404
0.3787818560508569
0.4887065905912613
0.5872097464833421
0.5495214931500041
0.2957625189389035
-0.19339417090367128
-0.5086224240010792
-0.2690318507848095
-0.380070508593956
-0.22508956233216626
0.44083278095689726
0.5144158324621617
-0.18423458382775681
-0.5535484341444121
-1.95966429990526
-0.0993816814923828
-0.4615055158695591
0.39419959580042363
0.3169417979533562
0.2273392262548517
-0.20908970696985185
-0.8601706717555835
-0.8329950924791084
-0.17332562055566747
-0.2823489817983843
-0.10105073688844213
0.18005252384542314
0.3905799164831585
0.29094671513145576
0.28447498705647045
0.30411244728144604
0.27032047355047983
0.2874408315632775
0.07455919311356674
0.21989404260433787
0.2170171445892115
0.3106317868329773
0.18138776926641775
-0.2476206452336005
0.17398994253550015
0.3578133836405164
0.15942356264498425
0.0923926026748162
-0.07340085545705122
0.2602392715171151
-0.21868979511389697
-0.08868399241093639
0.2194171325250862
0.10251023609617305
-0.919273511455565
-0.5939169626127307
-0.36112446437263174
-0.2540964137632824
-0.17376261203219223
0.025484416422522305
-0.07658722879374591
-0.12416312313069389
-0.051877676931457506
-0.48406466667994175
-0.6184263952270109
-0.2780988533749782
-1.2162860983475936
-0.18814525103689173
0.46063876278893967
0.41844995531552986
-0.17860563448453703
-0.6296306794537259
-1.4274568869232955
-0.5329902885449505
-0.1991881907137769
-0.17680771893739466
-0.2604941859224319
-0.012413991169112348
-0.5740507649401816
-2.0935570989927177
-1.7497654897312134
-0.5700385384813044
0.07221721812373927
-0.047587014680584905
0.3576340517163914
0.11435452789998424
-0.08132092077772057
-0.06918806216408391
0.0006482530686213739
0.18661436460772696
0.04333538818534488
-0.4968227611821128
-0.957294110247811
-0.13891515366684215
-0.31537694071634614
0.03950785509499777
-0.07885236061016654
-0.39206473431349614
-0.08935965941387636
-0.23613728148585755
-2.1014035350804328
-2.0582500681228613
-1.4032420125474503
-0.10820271571246676
0.04181195652693481
-0.11096212140420969
0.2807017137047616
0.3853137106316955
0.4249049320924996
0.1256657573239388
-0.2998416652083029
-0.33756098234630877
-0.14612223343008268
-0.7903333532158475
-1.882490281063713
-1.5043530476781677
-1.1381959318353105
-0.8655073825016317
-1.7123810062364067
-1.9046687697537974
-1.550738965896997
-2.198059779141695
-1.8264540370126217
-0.9677466679599099
-0.6450606186452175
-0.06899141147087584
0.03925884868260354
0.32677972370628416
0.19596208999354991
0.1307957767325525
-0.6802325325287715
-0.5170955871007157
-0.17804289533066564
-0.23058172583775227
-0.6198782170814867
-1.618899357188642
-1.034545727397012
-0.14187026613548914
-0.004054827008894146
0.3194439072688402
0.41760116994729723
0.26032739388224635
0.49128365593202283
0.6319680109371766
0.6245502889022019
0.7017062317450435
0.2876135764133434
0.4521554797242846
0.44652258247170384
0.5114294168021767
0.008390713605205047
0.19679159447332162
0.2847100004614258
0.3249676792187086
0.3188712524755797
0.27106603919961514
0.11562785560416411
0.3596599881463798
0.3327169861143129
0.1062113474075459
0.3385549279423594
-0.059897976134008823
0.11988720084412696
0.1242569807729742
0.10006598947894385
0.24900584924248959
0.43603825946182706
0.30834744673048387
0.1745204980455919
-0.4573527628578601
-0.23575428298779577
-0.5279715865452859
-2.004644367450167
-1.7864692079827214
-0.9676872492634214
-1.4424095927383804
-2.535955054434324
-2.056352586634247
-1.220766822655524
-0.3797966371245058
-0.2942866718755591
-0.11078595503635746
0.208581006412335
0.12116260483605878
0.22163783353274957
-0.813425561707791
-0.5884515235410366
-0.2199227486263311
-0.11137069283294276
-0.29470674547326414
-0.19597502750487805
-0.7124964134825716
-0.07737302840025873
0.06286653340740422
-0.7505385335996193
-1.6097650358751534
-0.7897038470018983
0.3954822704230303
0.11394733122058365
0.08709679362820777
0.12942067214639608
0.44952533281283436
0.12420402787590679
-1.312152716496862
-0.5003221676530114
-0.18732210043939168
-1.271098974818393
-0.17868474093417097
0.029911936275460738
-0.1470989041777837
0.24162583815697536
0.1521541392797232
0.14836400846331066
0.24776682356520796
0.23761132107564253
0.23146858742256593
-0.00976798672487511
0.33311885383477
-0.06813080825578677
0.011615510329938128
-0.12612416139975546
-0.014054866726303628
-0.01847320971208255
-1.4376349186006399
-2.0085555620370696
-1.8390157496143955
-0.9725266267392659
-1.4321873705463999
-0.3170286326154613
-0.3343373458895291
0.11285385018312988
0.08110310767305196
0.1838043275431105
-0.0578405767449125
0.05507957291424104
-0.006715410700851798
0.10491158913056653
-0.8226120872372975
-0.2893237090315941
-0.40822068197793576
-1.0233877075326199
-1.832431608983567
-0.7325325135358012
-0.2666029030896456
-0.6943001985356817
-0.6626201128865661
-2.130614512953695
-2.2232640092319165
-1.7461042118505783
-0.3776149561349995
-0.5120922916952075
-0.049062018947277464
-0.3291772184216266
-0.36217814719454094
-0.3049362125814009
-0.3006465482109395
-0.03521546716480628
0.009475761678859773
-1.0852206444258723
-0.38188670051320084
0.06983098470215454
-0.03007990934299165
0.2088656976507559
-0.22316301856155052
-0.5393777341207866
-0.678682374633804
-0.8788767461241324
-0.6891497143354577
-0.5671807906841171
-0.5530838406249804
-0.8312772123399869
-0.33191476114683044
-0.23068101653434203
0.19578905744695452
0.678253466876257
0.5932263296858407
0.5960532958082003
0.549623920432839
0.6791194372687184
0.5167006879433931
0.06101285368152776
0.1442384673042615
0.019816409218491038
-0.6490624986558865
-0.028227440678153526
-0.12704110143303904
-0.04945048228572857
0.4095764773168906
0.372456171582622
-1.12563440773825
-1.5949167608225006
-0.10758509649472636
-1.2536479487404026
-0.9912166705580778
-0.6028205932388736
-1.119046918624588
-0.8259078292009878
-0.20774529855691792
-0.06519457858188737
-0.24875171360398796
-0.6607177951865516
-1.1093775374626367
-0.752151935805459
-1.5614284472459117
-2.0666784171147343
-1.3772500279712858
-0.3525775306809004
0.2110651789253266
-0.03149986220402334
0.16295260646845766
0.3325204929086625
0.49857844908567306
0.34449770704291294
-0.41359738780359495
-0.8976646034831013
0.02102614637366962
0.5277349754937499
0.33360699404451344
0.17022736266122807
-0.9921117371022404
-0.3982249204019959
-0.3407735139350385
-0.009239219042041169
0.3466283781430495
3.379105850420672e-05
0.38380404108548594
0.24946738865905105
0.18860367910376352
-0.061532586685032364
-0.5236471440010635
-0.4106516765849897
-0.5283936142659914
-0.07064680151447333
-0.10421879153922176
0.18453176613757138
0.2357358379677097
0.6237187530004273
0.8351145975043996
0.9141575451607187
0.7763542466107363
0.7397714079001338
0.9743477609226481
-0.27066820285343807
0.573894254350426
0.1452428000074386
0.33818649856930594
0.11343646577944622
0.10394970570888984
0.6022878189994676
0.2895530879306085
-0.0017446823341018547
-0.16126979146160092
-0.17640437909195184
-1.2528797397792677
-1.211233687973768
0.015914732456274394
0.08649565420909955
0.5183576180181049
0.5397785879631456
0.7727222718572682
-0.640207571671175
-1.6226683432759765
-0.8391433124170724
-1.6919549966434184
-1.6613944373812253
-0.43023893187140677
0.09332031645842775
0.5227564933728968
0.36229263826447666
0.17707122307761092
-0.48668249720920187
0.0961044932166435
0.45379737513707585
0.36755114552736257
0.3398473692790174
0.5398182761352721
0.7878585364164359
0.4419751571947452
-0.15376804696586566
0.31057376954458893
-0.6260811584072892
0.1597751931021656
0.3534011861419275
0.09359762083737433
-0.5252960047301077
0.3932667796405951
0.5897036136034479
0.3222715846190509
-0.33725508730298565
-0.6290106361551738
0.5023503528844977
0.9013368999089859
-0.18765636931999774
-0.22874904335973922
0.3344223545835254
0.48358045337331657
0.739296868957888
0.7007793471666519
-0.31128290039747386
0.20182449382865708
0.2460171890182834
0.17820527419627852
-1.0897251510641004
0.013314936542083045
0.11191154029562245
0.4431762113731723
0.2573779290924667
-0.25359590290709844
-1.1168124434723572
-0.1965860855119257
0.31972404168209323
0.17925390261421348
0.044030558358634675
0.4457560533298146
0.8798380860893709
-0.21168935043194237
0.22941749828928826
-0.4146586044833207
0.26921302337856123
-0.16520255618025714
0.6862971011499328
0.342502855334641
-0.22094910411321855
0.3813819765521951
0.4577289925229917
0.27003285253372766
0.4994352306248997
-0.04892799713171314
0.8576627721003294
0.9058764231930398
0.09429940386427882
-0.3156580846649134
-0.7162212356568687
-0.7821218718523311
-0.25908554984245513
-0.414192749918179
0.19356258248171554
0.15069643464466065
0.329827847715334
0.1971216080632472
-0.004056443688078115
-0.31880038847679565
0.3747302037851681
0.24487016968382558
-0.028673137802052273
0.5012398815677288
0.06612181237415815
0.756787724978029
0.2099220929567014
0.7986777638468858
-0.21887169516326666
-0.24161540879635646
0.2758651345138392
0.08519374191330975
0.16996948113310562
-0.29792354909110497
-0.5062964467867173
0.03444848865666894
0.447275920218698
0.38642555740028683
0.31379595674074445
0.3388542749725043
0.021957706394051923
0.17864502849633235
0.3896279948601977
0.6866073983252008
-0.36376796208699497
0.5818354255498861
-0.8215395960606566
0.06011150568311818
-0.4294713365031768
0.004242614617069651
0.4143966632762055
0.5697078681396577
0.06874060051516162
-0.6201514244586726
-1.6694999190877007
-0.7226064023677149
0.04664002729910921
-0.03786528513431353
0.1342258911125278
0.18778672005543107
-0.16287542232472418
-0.19560203187730907
-0.007897213639151524
0.06923649452789815
-0.10033548155867522
0.45019889483164754
0.4139113431647303
0.9678286957534852
0.5388447629788089
0.2525098228068361
0.7310965089816555
-0.17665923104539527
-0.3102048108111234
-0.22687325670105696
-0.19575646710062433
0.023483393543892617
0.2503784833973952
0.6566326199257657
0.7799726141849963
0.7915254433443337
0.6822072006127335
0.8047025900434761
0.4898231403912139
0.7432723588188328
0.787879709747128
0.5806153629113837
0.3962867236791072
0.31298582394380503
0.1260644347098352
0.17667617835726546
0.5133444905395117
-0.3146425984678931
-0.08539312882908012
0.015924157591232335
-0.3892334315023695
-0.3219163430722351
-0.29312622441546443
-0.0057369058857166255
-0.6877365472770552
0.042785820131029495
0.17553527913944866
0.3215329283506827
0.14470152786296198
-0.20889702216071937
-0.021514919084765993
0.1478908196619071
-0.22666918920241286
-0.6901191199859935
-1.587301131492209
-0.7907552251801656
-0.7544202269024337
-0.17248708676395608
-0.2892150576388247
-0.2661171819155157
-0.42757688054717363
-0.46452680705516036
-0.09091890479987863
0.1321601864855887
0.11555162545129294
0.3658552534132029
-0.08759953924028507
-0.2656384898663686
-0.11376333114952075
-0.1717338061397099
-0.010090027587837391
-0.36491817834383194
0.5311006376962595
0.6888090606963522
0.5855362045634971
0.4654685874665889
0.5686915633549638
0.26394194083117006
0.6469297868925488
0.3581914710681875
0.6295170117695281
0.6532495101707547
0.38087422230511825
0.41869855856567306
0.46664627751143706
0.3952743960781382
-0.251016454358023
-0.2097602484099712
0.14665070500458044
-0.15826366627186472
0.058014520441184714
0.07980893001578848
-1.1968395113917623
-1.419950097857562
-1.845586356155138
-1.9725741423259286
-1.9341906150651187
-1.8646988418167145
-1.2673510640511652
-0.37996035322929894
-0.14087983082001965
0.08754566528632801
0.29033505618028665
0.21194171064670297
0.2817873629462613
0.4541637328370709
0.498905234008584
0.347716203007008
0.17236468085902246
0.22866037984742893
0.040579086861870506
0.39886899601080184
-0.08310368598067241
0.06652699579363541
0.5045981869911398
0.43420276584090556
0.24146547576688082
-0.47459139857946325
-0.10159389448552902
0.047284347100799096
0.5657699306474133
0.6109237006139516
0.6176787685802139
0.6865902663788945
0.6117006322130356
0.5242886493783334
0.8118490851722324
0.6245663630880238
0.18110856110661433
-0.9930609952964852
-0.8928956645453671
-1.1797723253819443
-0.8350296942522766
-0.6694280813625197
-0.6636131824847777
-1.2211608169553205
-0.9168555891238586
-0.5229755953379541
-0.9919440440832974
-0.5241480421165086
-1.3742069439933597
-1.6275442448689303
-1.4203547885452115
-2.052408848375452
-1.654773976673821
-1.5815509923829592
-1.949352191631288
-1.8775174608172804
-1.6315727095014974
-1.2602101894487332
-1.095621392665659
-1.003844736802707
-0.7332535518282407
-1.3777748637880216
-1.0306592771289995
-1.134472151020037
-1.385503796158507
-0.6845843133391607
-1.8907241070798604
-1.8545678804691261
-1.2209507706819962
-0.9156367158709235
-0.9656084363782309
-1.250100374733087
-0.9770478286384089
-1.5185325744577107
-1.5095021680877598
-1.2885783735780911
-1.1178809022866696
-1.0907100449901028
-0.9337104088813053
-0.6701271758306419
-0.8148685088241807
-0.9524544105200452
-0.8006478257827313
-0.641468857824651
-0.5917228699693645
-0.6626113268022027
-0.6889040693353148
-0.7556424003969336
-0.7950690755460345
-0.6957454115297922
-0.7154208356663467
-1.4002909649670898
-1.5135415097548324
-1.0025915679099344
-0.7819242365604612
-0.9145004574981728
-0.8141927947798075
-0.6230875859112571
-0.7085259333163614
-0.7170149836294376
-0.6504957492379735
-0.5933668808358666
-0.9334783888291956
-1.4001437108325336
-0.806883506862253
-0.6579311022261938
-1.0972949225459792
-1.1132900533959347
-1.2721273162637186
-1.3900317304870982
-1.7829983828602818
-1.344405871029041
-1.352611905487407
-1.3216879710523077
-1.1181981721356056
-1.0154388787219524
-0.8394254229838045
-0.7283498791112923
-1.0322591222176214
-1.031477670235485
-1.4982008179587383
-1.1029348254076021
-1.2568948369263895
-0.7481562765037821
-0.7978063420107279
-1.0596913931582381
-0.6869701266385134
-1.3869393357073203
-0.943283681310447
-0.6381337175928976
-1.0589189938353756
-1.080324719392506
-1.029109615752642
-0.8411653998891111
-1.141833811085817
-1.570139226827677
-1.2212574949642314
-1.0244558582527798
-1.055632743121957
-1.1191993187181313
-0.7754254890933345
-1.4075750360565549
-1.775802654063642
-1.8547300491885905
-0.8614304266623317
-0.7781525902260232
-0.7016825479245514
-0.4567449324472418
-0.6753481768704739
-1.2478230970283701
-1.5789378381715242
-1.438784128121335
-1.734216919980712
-1.219184388884739
-1.1496867469295426
-1.1103208925264487
-1.4363538395241808
-1.1856889312359529
-1.6185519556173031
-1.2336048383422011
-1.3895052422879335
-1.5942454693568702
-1.0241876355498885
-0.8438798802370544
-0.9438797629286021
-1.0506852985047341
-0.8970493417220332
-1.1000483124342462
-0.9368452537312147
-0.9677351136469603
-1.0831116847752558
-1.224810894613955
-0.9686150211707918
-1.703561619528338
-1.6573324462350951
-1.9019763817331519
-2.1782629748061604
-1.9053285865395415
-1.2797346000921768
-1.187015038907114
-1.107378069931499
-1.3047383054954023
-1.0876346744712162
-0.9839263746461072
-0.7172821669767857
-0.9694726064558091
-1.2606954031494273
-1.6512378937563525
-1.7721819256734994
-1.2483569771636862
-1.4180902310439305
-1.6094839995263182
-1.6190471731157325
-1.8828600030120899
-2.260811734523851
-1.5911342254164893
-1.468046654625316
-1.3736227588193024
-1.6290516082061415
-2.0659688549467647
-1.8179001263583956
-1.2709751092383914
-1.1835292712276735
-1.1502350462063275
-1.3619824824908124
-1.983922435395777
-1.1274453449987543
-0.997268514173453
-0.9631062072278237
-0.8632425007070181
-1.0019170868012444
-0.9006169375622203
-0.7438853047280275
-1.018138194543413
-0.8097579665758889
-0.7049617019717146
-0.7713892214288032
-0.6340022815555421
-0.5962006662508117
-0.5887438950252454
-0.7271863331292414
-0.5678333604509366
-1.1688167738458337
-0.7261560045830604
-1.210082542026994
-0.4768814608515085
-0.8806334307124175
-0.7114242103021586
-0.7543380746522343
-0.5624596626500529
-0.6203150403252504
-0.8442732955873193
-0.9344015473643041
-1.1166069217875374
-0.8367238858237585
-0.5086331449977533
-0.8788017573816328
-0.6086476864615594
-0.9497117408078327
-0.6651641281817395
-0.5373934873852191
-0.5266392621583749
-0.5730457671161039
-0.5397708493912945
-0.4797792391759568
-0.45789583036225356
-0.5596557368110779
-0.33112186308813113
-0.328078271423372
-0.1312698256479906
-0.6528803296907432
-1.3867247170939008
-1.6422411891560487
-1.040504474850853
-1.3825396950250137
-1.049687668758992
-0.5318856167474133
-0.653805998633894
-0.5681203423694741
-0.3544866920884876
-0.5940113301999634
-0.23924504273748093
-0.18549861012285818
-0.4548897993382201
-0.005789617768387378
-0.3531192422781516
-0.5098629068010996
-0.362460656986179
-0.043921996711699274
-0.18993823752572547
-0.5569365560778093
-0.034502143172786104
-1.1221749234920884
-0.7835150774470356
-0.6270777997538032
-0.4612691817838522
-0.5072513203326293
-0.47650318502796146
-0.4656787634006417
-0.47710525043765684
-0.5376400851228582
-0.3530108399602785
-0.5728213250961351
-0.15425442337586037
0.11299372232907101
-0.7705624690045595
0.3052132577369373
-1.3823448405973586
-0.7874752082993627
-0.27178099254365584
-0.12755801809101863
-0.3439157660073623
-0.18947136488690974
-0.23054323678121846
-0.7366221054480804
-0.30574900387056536
-0.12926992258391035
-0.016926783733607786
0.2866818370018793
-0.42486856475136003
-0.7950175522457541
-2.180527505763046
-2.2544317587740332
-0.7132714311900491
-0.2338402208550856
-0.2090269015277646
-1.174430804608499
-1.392652156496076
-1.0449095489499578
-0.9123611836580626
-0.877161051162215
-0.9002332176304181
-0.8144484601523453
-0.893343323655791
-0.8525526241660393
-0.7968366414019228
-0.8612862257811784
-0.8269241774461673
-0.8243709182457452
-0.8595104722787789
-0.7974117151413974
-0.7811542315985388
-0.5119735822069826
-0.30621228652572097
-0.2992023016224784
0.2006326187711691
0.5454427746998403
0.568514141069725
0.6827487334793831
-0.31264923312641535
-0.38743278424713223
-0.06100459384580725
-1.3710559980255055
-1.668925995473411
-1.3028709364572837
-1.3143142566499617
-1.3027120737556381
-0.4985173855492281
-0.01337137086486817
0.133390337214097
0.18306154659675
0.18452517457996165
0.49821536568227653
0.24583887086831013
0.27883194112571963
0.40207077282505677
0.39236569336740224
-0.02618796513061672
-0.4369274950117594
-1.1488985403653902
-1.4724294684779797
-1.5872511249801915
-1.4241743973689398
-1.1728785170352127
-0.8642900845681529
-0.7749879926443219
-1.564197634828287
-1.0455851311813322
-0.18610872278455437
0.17561586368321402
0.6638338227661396
0.26566292500157607
0.2434157700246109
-0.0671207382171145
-0.22416364751818063
-0.004141646308632119
0.09639821398407467
0.4221764726478525
0.14194289237260915
0.31260832658694704
-0.04696234759871876
-0.6024043745083906
0.2331275909774646
0.5482838289058274
0.7679586031090488
0.789175288575894
0.8392219443690336
0.8008697115237302
0.9345285438702275
0.8022353888373088
1.0501793518058122
0.9920149787564865
0.9955604831996652
1.1709863246134664
1.041513817172751
1.1346258780606162
1.1472647171308306
1.2901598400606396
1.2358634663018362
0.9898046076172944
1.20033362376291
1.2944944660078408
1.3748081540272208
0.9902900000948962
1.5368278065258376
1.3857166058773271
1.313055264458422
1.3300314072539543
1.2750636074003443
1.2681623049359445
1.271817716920957
1.1096701609892434
0.8577272444688646
0.9735762142972526
0.40142305986825777
0.5083061434971641
-0.2739709069654843
-0.9590224298851063
-1.442374465699497
-1.0284182308049048
-1.041756436929189
-0.3981343429097359
0.035655419013480016
0.16852918266630468
0.07762123852853875
0.27079752748914143
0.42357691997884683
0.257718399729417
0.30105900040185873
-0.2568408099568811
-0.1505050048408555
-0.3867540104682281
-0.22253472071044555
0.14870737567712577
-0.422577357690124
-0.7655963792062145
-0.371955545747203
0.22417175888175422
0.4905605544314464
-0.00040825755536022523
0.2041844277269289
0.21171812147895408
0.3763308190133787
0.6892258013358941
0.7461033491980709
1.1265848941749712
0.14118382179614364
0.6751752530274733
1.1400455816160895
1.1395879937782636
0.6990334336855859
0.5555997114815239
0.6529750242170509
0.7638037238303512
0.579621748895069
0.4988923482452301
0.8196464133777801
1.0257464762636481
0.891144122332111
0.9865996024131485
0.8958045764212896
0.33181438951934816
0.439486590075721
0.7313156405176822
-1.2434815461576831
-1.2095677020240942
-1.1473748930984171
-0.24134915121045164
-1.1031648098205489
-0.03565627528748683
0.25749194366446027
-0.06280761830442527
0.5214272408360414
0.30179183158164613
0.6879710715613501
0.6596340504672678
0.7573527108153659
-0.016770985866942256
0.25452367019108846
0.36853032486288617
-0.8031567466093414
-1.0363887783931733
-1.1705695966469247
-1.465283176085113
-0.7570997430946607
-0.9958094283366885
-1.6359246317693363
-1.0648965318464276
-1.051719685594124
-1.257398119002206
-1.5005441817349698
-1.6731735614217604
-1.3772770877587337
-1.0390454294879756
-0.5799372278269626
-0.3648241115368982
-0.557261910601857
-0.7046506562862092
-0.7858779390461273
-0.2842613109949579
0.022718807934821283
0.19361930842318298
0.4033601143164842
0.3551760256090146
0.45936772700734996
0.4037244345991333
0.5205940247130856
0.036995511172920326
0.3496822645270694
-0.362934272811206
0.32033138455336263
0.3136753550867948
0.19308500206823953
0.38157758298311517
0.6258008451443715
0.5952698132548535
0.07343011592040094
0.607685823227454
0.4484273287256215
0.5060873161781219
0.05803113660842485
0.13903318455566138
0.19863353244355908
0.1956098706954028
0.06926201563744594
-1.4398051981096365
-1.145743365366803
-2.1747415885748325
-2.3058121968344434
-1.4339440032795743
-0.9092542925662862
-0.6744062590001307
-1.915088021758195
-0.9033531996558161
-1.188602013193052
-2.102087747298631
-0.6402406916044381
-0.26671715446610444
-0.48657087364332935
-0.46693670210637017
-0.8795674321686607
-0.8683277198380204
-0.0905778842979772
-1.005034011186058
-1.1210316318892768
-1.5852966322908302
-1.0685383665787864
-1.5414728615514908
-0.7028324987451005
-2.205638732516313
-0.8749136669959728
-1.2785301917186334
-1.32210173589709
-0.21191247083472686
0.5838177516011267
0.6511430733389223
0.8553316049751121
0.7469576954370136
0.8695756859524959
-0.46664481451520134
-1.220600641565126
-0.7942724694043924
-0.24674870694023232
0.7120630058417008
0.7349711560111338
-1.2814381829124135
-0.30134933012273724
0.10652021746093299
0.3088997345571358
0.8968524181624624
0.8701703381201125
0.9879766908880261
1.030442445271212
0.5416718497665034
0.807044865977437
0.5477143214291251
0.669383523855202
0.5377461338661715
0.4386665024730618
-0.778743629637465
-0.43153630155081935
0.23702116913366233
0.4871187432236619
0.15025168918361853
-0.14922986403444516
-1.9796558066109564
-1.0293067250472938
-0.758250843148659
-0.9391815417397774
-0.4078180094054028
-0.06297792492141063
-0.15144741363923697
-0.3657476227006621
-0.4316542208692548
-0.36079437068517645
-0.6680523626352594
-0.1831890684193469
0.31946279772826514
0.3449429799165087
0.0963996827609962
0.3327780587716831
0.4198733984269949
0.3647354269191525
-0.01627119417516909
-1.0184300553339252
-0.46405841716410184
-1.6856233286739728
-1.4826965955652909
-2.1871267496567715
-0.7976857394790988
-1.9256890881700983
-0.6249873971151547
0.1218123317203943
0.6722012373645219
0.5322049592759153
0.38828125127969737
0.3943639228721898
-0.3315785873650198
0.05393805626344683
-0.06643308721324404
0.2096091568789198
-0.8969431840112596
-0.7804485246485031
-0.2778497713558088
-0.4690849098870887
-2.176144277774368
-0.7146984493470042
-1.5016943065929684
-0.5977998876688089
0.16713203955538136
0.8479094989648448
0.9319996118215761
0.5416312887774415
-1.2104349311244222
-0.6322515881545054
-0.05438510125806317
-0.12342438698435099
-1.5874543200380442
-0.6319513066027994
-0.5209478648508824
-0.9453730868175877
0.051094305656258054
-0.003591604756909006
-1.5708950643038082
-0.9675992840250851
-1.2017353867858276
-1.5789746703399388
-0.9115891454702094
-0.9039889939715987
-0.9861992099258272
-0.9131182734998078
-0.8493526794057333
-0.8022853027102105
-0.7166313514503396
-0.2897958308728107
-0.820414486559859
-0.12405445885085264
-0.2279264269471687
-0.023351564767801647
0.18567708328774746
0.14252063749610244
-0.5373053930415629
-0.12162920153280277
-0.3669123070851815
-1.2764946931594234
-0.1653587621772633
-0.5376793756381036
-0.6007630215208144
-0.1239136540205319
-0.8485904965853208
-0.4167098861683336
0.03854964809120953
0.40147771144729694
0.4291206214039509
0.568194617680571
0.15616633682122172
-0.019836811223876594
-0.4046079076837628
-0.13250312306532797
-0.010429814577378682
-0.5396174327528553
-0.2913736377930669
0.21639221967958533
0.36705618574140586
0.0752732164159371
-0.3822435254397906
-0.5634822633536086
-0.9903530290009741
-1.2724694002885673
-1.3437987105269067
-1.660712482469978
-1.6125380713815964
