0.24777612827798312
0.2479718192353857
-0.11225491161168422
0.0911492441708932
0.2709775334040141
0.10706529359352035
-0.09582076288786667
0.02178319971844056
-0.09376464892232828
0.10821613662122376
-0.8393612349658276
-0.5685632771362583
-0.1393294892914121
0.16726672834555
-0.22752541282693595
0.18587057901644521
0.3964985284910514
0.29233266040786954
0.25823165500258516
0.5228771273294539
0.4674491946538206
0.41541678087349565
0.5577713168960508
0.5661740091654943
0.6249294892416122
0.5535182294016687
0.7708566078945676
0.32307434919555145
0.3201048839611029
0.23975512595996995
0.06264385655621818
0.39326743466171665
0.4138683809379471
0.5642403059737433
0.3915634266500707
0.25884396087419126
0.5178246724538582
0.2961467056732243
0.3342312976275357
0.3846111427952461
0.40799502915332186
0.683413291529507
0.5140623756893736
0.26082877310297947
0.28269608323676665
0.04912171779897423
0.2622355269352552
0.29960338655602103
0.3815804757584249
0.24884743512614116
0.14902491275764818
0.04257722482154391
-0.3099019643440555
0.2523673776073525
0.16477544645100672
0.3236782588808902
0.21259137989844157
0.03258146916100357
0.5832338642827424
0.5438279336696612
0.5705911574602294
0.05931189862302122
-0.03086879899850148
-0.06427588492916203
0.17320218267581944
-0.13230264368165412
-0.12197666777215699
-0.48264690373058494
-0.778084019993359
-0.3179933648973149
0.023425912934717408
-0.5512789116436942
-0.08573017404082939
-0.01809550321319131
0.43708095850441864
-0.22757533046924527
0.11065447398171657
0.5000098784975122
0.6575134809794176
0.49587651432792623
0.5249341176269251
0.7000429939576156
0.651912750826982
0.3424510030463461
0.6902191001629887
0.9116663617776981
0.9579686685381057
0.8184121236918986
0.7919900665867983
0.8983184324559772
0.9523209903319032
0.8353962184583421
0.5949168214533482
0.7184638204564779
0.038537797928091644
0.28597940927605614
0.463035171888045
0.428892616749865
0.5494627734655742
0.464159141046222
0.473364058136605
0.6396267355475138
0.8110339516118286
0.5470939253908205
0.6311401239595711
0.7981463700276323
0.8735921412086316
0.8812940177308202
0.8989430606103033
0.7426765892595399
0.8406051303465183
0.6840952044236832
0.9032957319964494
-0.29713255633092894
-0.6344013871734604
-0.5586375042281322
-0.49384667403856297
-0.2602015015611804
-0.18335270430618933
0.0716106793336484
0.2341271752965226
-0.08882226340385913
-0.26549979383181677
0.15059586029680627
0.056815401104149954
0.08204736331795259
0.3462054745126717
0.5815769133229014
0.7945752831594963
0.41399056971423964
0.8482970818364366
1.0614484980725825
0.9478449855240745
0.9145978342051826
0.8589179234491444
1.100865266785904
0.6668962758779295
0.7247764118486382
1.1997958032336495
0.635822090143775
0.8404366558123957
-1.0670524446536969
-1.0763700966327343
0.4556525105762528
0.7322388731918834
-1.1669287818455363
0.5156363582922048
0.42501751476776395
0.6175238474097993
-2.668469829411343
-2.5716167470695304
-1.386656436493144
-1.5309810952254743
-2.1944752855496565
-2.2340718408251927
-2.7216985455421403
-2.112240667282447
-2.1529238926726526
-1.810011741899293
-2.4654202877646183
-2.4691060459234486
-1.8572965921103668
-0.34596211430509716
0.05649131443912725
-0.3149606499969123
0.08642553927777663
0.3979127307215975
0.3950128742152035
0.7382564097063911
0.7952420184921298
1.007984222325615
0.7714476795420249
0.5570619672552868
1.150818347734859
1.1184537568865995
0.9050338704062024
0.7412399294162204
0.9907929433582685
0.4862160698461173
1.0061320066749826
0.6428886315916258
1.0787579800215201
1.0968729730672229
-0.03172031444233947
0.7000259128251376
0.7014472566060652
0.7669715470140968
0.05566402920128888
0.588092822081983
0.4176204565641146
0.5527291029427683
0.7313530249409397
0.6024123166365445
0.44755879462376935
0.5524543439948768
0.2789230132336926
0.003365924260280817
0.29700251653861653
-0.7198214689880233
0.05821959978536362
-0.19977260495755012
0.027730342701433708
0.15931399546451863
-0.3634633389556813
-0.42769269241440433
0.001968752037823762
-0.23105306119090208
-0.19317467520296194
-0.2835247706439591
-0.9422208713394813
-2.209812330177555
-1.1206887123960165
-0.160911504452661
0.10831295957235398
-0.09538520643213189
0.20604508739635485
0.2611167300072761
0.21487057124309827
0.3103624100786617
0.309108997947374
0.6428300223817571
0.8938077234107096
-0.3641545606445763
-2.3045059656984677
-0.5012768063398265
0.6719169274068821
0.5046306145260238
0.7820827547947051
0.45236239084634144
0.0017144839289244818
-0.15171231128261042
-1.3363553062218956
-2.1027072305043575
-1.590265956457928
-0.9162371888991178
-0.6490403182878584
-0.8866924617802574
-0.13786740820549803
0.06735002391433254
0.1475512143374862
0.38462749299982746
0.22520624817062296
-0.8436701923698815
-1.8343172125981582
-1.7279943777604472
-1.2128596194716894
-0.7414864896252603
-0.12749741511014867
-0.6462855262391651
-0.24704459054142813
0.4255671671491277
0.7311135141655172
0.18719542380617016
0.41795637093443494
-1.0873691652550126
-0.042541872539560766
0.2527973518390325
0.5246807596119878
-0.3118271400912319
0.16713645873681848
0.3831957540314139
0.6527281510115641
0.8503289412147275
0.26943512431360994
-0.34081944617899684
1.0551838492094
1.1849015200856552
0.6676163914177142
0.546331557741577
0.006066050353125574
0.8033899661466399
0.09094571058564793
0.27651813573098627
0.18472223454652736
-0.12491778631744643
-0.3345776784435537
0.2296610345208694
-0.27059551937013826
-0.4891018611302874
-0.7661593194011225
-0.1509751014746734
-0.7368428131236195
-0.6028232320935831
-0.8117180683211583
-0.41084287534116315
-0.951565892196528
-0.2605120327209006
-0.0574532298825956
0.0937443955823214
-1.214797488923967
-0.13967217833349754
-0.32112012336015816
0.4523735168716272
0.7078525893564858
0.21331394257865433
0.45284869087373303
0.42160471714146763
0.6939025473772833
0.7942508831382227
0.7444881061741211
0.38721513987868295
0.6661618178116477
0.07823437789655574
-0.6134542535796603
-1.4625206429360036
-2.140109718303766
-1.4502483406526683
-2.660168670939739
-0.6675081495090566
-2.55071897521231
-1.819132704758904
-0.46965525560410504
-0.5906538210731115
-0.11834712652335067
0.22780132587560797
0.25676867780694135
0.4225682590130606
0.3701110105066452
0.4170530054969832
0.33168737708133533
0.018392426682660723
0.2339786046836927
0.49090194741220294
0.5963391758636367
0.7841963139273598
0.1943871901709231
-2.639432180010981
-0.7549196921152799
-0.23115072610485032
-2.7121957034740984
-0.5904286629153085
-0.039219775514281796
-0.007886922526916917
-0.038042003997958984
-0.20188316183915855
-0.2617032388072412
0.06771520818883348
0.2434039070888876
0.2846715522392296
0.1534355168275059
0.23474061885575281
0.2404689433192848
0.6134112429797545
0.6656520840627145
0.31801969258155816
0.6919886973429545
0.8238029001982234
0.2994531527584343
0.5748843366862679
0.2721301851196931
0.3175989386737841
0.11846992020183067
0.47021037979275926
0.6646521252237136
-0.5912002283469682
-0.4897357900520758
0.1519052855295342
-0.5709835570040132
-0.27823609189990284
0.7821422332094168
0.8707543436051035
-0.4018909015316734
0.19782078944464065
0.5654369423799708
0.11487932386116317
0.7187365847896443
0.6463902315227503
0.39860418182901447
0.044571222124821785
0.8053211102287638
1.4086733595512648
0.13016111694804344
0.5099240227637953
0.814851956336313
0.8636426531531021
0.9726799125948291
0.719742497023421
1.0169639244183741
0.8735127361679262
0.23886743471089233
-0.19371571275540744
0.2601640199881621
0.5374152017627805
0.6679779222500939
0.7340262178550236
0.3169038679853904
0.7309484565251605
0.9647892957015165
0.6098363973340932
0.778269845373676
0.6804217219801736
0.3861590550161236
0.46402138538848203
0.4186438552607257
0.6405207609396466
-0.21172217694135054
0.29175123098451716
0.722217880893363
0.6089836990097839
0.4807750644925608
0.08863856714946117
-0.5263960196299071
-0.14244742981538172
0.15689727875245185
0.482141778703036
-0.1656164083117846
0.06055080727560802
-0.04514555619418137
-0.3506415079855474
-2.0412875405075805
-1.3838760431888244
-0.4683010159170765
-0.1024206848470508
0.28664716861816975
0.08110402028108266
-0.4713688715196612
-0.2673187381969159
-0.12779848152078244
-0.14788413952615032
-1.7658742728785104
-0.2988284150774554
0.15586750371892966
0.13548292463603695
-1.1517747212226652
-1.1981916677569338
-1.2607827006951986
-0.9316640055339753
-0.7481069666750304
-1.3967654452940816
-2.069602488207661
-2.162135420121514
-1.8679801339990612
-1.7897998972958145
-0.771854490878064
-0.3026227866904617
-0.1277478014177229
-0.5368298312167773
-0.3511544852856122
-1.1419389287546164
-0.6309162137195283
0.1940343902353987
-0.5304638095284337
-0.48580679054469567
-0.10643500296173536
0.070768566340073
0.5160786867398384
0.3265162586955841
-0.43665015449829025
-0.061237278427158426
0.4190168730232535
0.6555040620846957
0.7490160524329634
0.9347556979637084
0.74837936170208
1.0064209001459232
0.8570782155856198
0.43974860031593255
0.5332702910156468
0.34944521910590787
0.27512241886831634
-1.2911808378340448
-1.869543210378997
-0.9290363340895502
-1.049159039136795
-1.5644136643559026
-1.0457786075665323
-0.2219643599806459
-0.9542489195061097
-0.5166644311653037
-0.4914420089886494
-0.5570736844813423
-2.0925639887710803
-1.1682840116628852
-0.6412454148570303
-0.22909046741317707
-0.19343118612609045
-1.729824374196187
-1.5379181867081881
-1.5112555060474369
-2.1828096765057294
-2.5203851729675106
-1.7355998624944435
-2.4967507630445542
-2.0493641442783117
-1.3064538159754522
0.024813632929215013
0.19037677002777387
-0.08452803392177954
-0.2386829093610494
0.2441695697400934
-0.1340730412441391
0.030369911304399144
0.44673760248611205
0.40643799695947247
0.2719603122864931
0.5714398300142607
0.24939064491237128
0.46601336321074527
0.4466940381072202
0.35363823081064116
0.5417128579990018
0.19241648276036627
-1.3674707700964588
-0.7478147371148153
-0.4495430232900024
0.0034161435765460713
0.05126069265989153
-0.9507048375992574
-0.5647163081455369
0.37443312563214604
-0.14521382113542658
0.6002824826888069
0.8290266898348124
-0.21560310920618764
0.5205394584877105
0.5200928973127892
0.738802265371856
0.8845160341060272
0.8907181251572471
0.8830746967364485
0.6755306881683301
0.662348913429849
0.4135652959388676
-0.4486485855228143
-1.7685917286079191
-0.9337121588242687
0.26497909571887224
0.6632776943506722
-1.7235731292697398
-0.7430963496984765
-0.5225929643758698
0.0657509731475876
0.3280086591750384
0.3178975349921904
-1.8992909996609968
-2.340437103130407
-0.8055884834818896
-1.83385909492414
-1.517976098581788
-1.9155025049960868
-2.439285957795324
-1.597025685826757
-0.9861273726736663
-1.0934842822517907
-0.4382612351330534
0.2122807845951551
0.18671918975084512
-0.13024790058152447
0.21309812921897575
0.4198200238696217
-1.4671265196546792
-0.5127305343733819
-0.3175892611650275
-0.3960601149738855
-0.7929362478232272
-2.4642855363692346
-2.1295343043242068
-2.4661112303037678
-1.817133331929737
-1.016656754767862
-0.3515136415930955
-0.4840490439359578
-2.143545454017346
-1.246225408858817
-0.4204521332528679
-0.2915242446639602
-0.028685007609829727
0.18072367117883203
-0.2639053524090579
-0.9795053509302774
-0.8371446385839185
0.08205279175438407
0.374579857218418
0.04818748315065191
0.21044920113390142
-0.2634651503202705
0.07402940975973826
-0.1232223961107235
0.037889836221690176
-0.2870573791553168
-0.5883402144930748
-1.8842262154593472
-2.498736383663301
-2.0661571413462996
-2.6019716308008833
-1.6836524153360202
-1.2099845964974032
-2.0670503802675353
-2.2356076500621596
-1.2360905022759492
-2.144700130607583
-2.651600097600178
-1.8142045248873808
-2.1571457611098124
-1.4239780572370753
-0.22131898793760807
-0.8714619400652968
-0.35508990152213193
-0.16712761513719276
-0.906587432737737
0.15873266000928554
-0.14466527745706848
0.453893427412591
0.6906943731698041
0.655821237679125
0.2576840580805857
0.0006867724843435674
-1.4077920987423316
-0.2829007366541667
-0.027633158170336847
0.14299672250948436
0.022360157724878205
-0.37279816821380485
-1.0355883447106606
-1.674052781699411
-1.281029445216893
-1.3186002975699485
-1.2659895324979338
-1.0996288370579004
-1.8876924849522
-2.3677468378648183
-2.2395072947150334
-1.5216202167656068
-0.590667275242717
-0.5719262955445703
-1.7603217084570266
-1.1704487590625614
-2.2318154864538524
-1.7363769146095385
-1.915528367028596
-1.1420906217684235
-1.5537328479546144
-1.9275892810213326
-1.6297291805134868
-1.903711881466955
-0.29024979384253013
0.15472368349095267
0.40541283319841503
0.3718966387597471
0.25230400080211557
0.2611281233488387
0.2949250065274207
0.04653152794201176
0.2675438407806221
-0.6674509712595873
-2.2362541648740195
-1.490654669182637
-1.1379427198215142
-1.2649008529983823
-1.2216249769591427
-0.9299494774547314
-0.555339225901834
-1.0859262082237497
-1.1174430709653305
-1.5917509725160093
-2.1658577029342996
-2.7329568030430473
-2.808164035136379
-2.1784422029585158
-1.2134310709941667
-0.5221788152508601
0.019487629177895593
-0.2321365327902174
0.10209562811538797
0.23347288584663262
-0.3403823857820103
0.12601969298825755
-0.04100529512891371
0.5495979420699226
0.2482887529869895
0.5151812273543532
0.07588075990845211
0.45954134476001474
0.5263102470501939
0.06396928385590184
0.3173191601424612
0.38596489261111055
0.4385345698537826
-0.46260995371848923
-0.12619039812289023
0.18328253247304138
0.24907013791375476
0.3682761403867243
0.48049406465582045
0.012903059899008307
-0.33398242441230064
-0.39264600041450826
-0.4210137047102527
-0.7398340694093296
-0.5034278251060982
0.24779795799409743
0.4552876408432327
-0.28946070745580044
-0.4087132803171343
-1.9301943385531997
-0.17449001031201505
-0.15261968077561616
0.12199169779074803
0.14247000967017853
-0.024607775559245093
-0.47428381397693786
-0.49841089787950343
-0.6154061285943085
-0.005561769884379286
-0.18179183264761067
0.003358170413459538
0.28397009875055823
0.442011749690316
0.38482660819702397
0.280202261848264
0.32376564909917627
0.20814450510813765
0.13943991608580308
0.0671879770151187
0.20920786821333937
0.24312904956634385
0.3520400400590511
0.18563070524534808
-0.38151709638778675
0.16146914503780985
0.40025062316354787
0.2192645350707929
0.16468664112560272
0.10083132538341122
0.48719352102095215
-0.039489982662593626
0.13080473009620053
0.24058751294161973
0.11687008582308889
-0.8345443747193328
-0.17459335095140394
-0.18074451705814498
0.028340685372825858
0.04253644905762077
0.046501603911805356
0.04053088744459754
0.08481710779620455
-0.025295992162350345
-0.4030820441319414
-0.6170869204603091
-0.19483814940770838
-0.8920103662631209
0.03503445660713278
0.6368617296454018
0.4349263639152252
-0.309361212470493
-0.42658507120283906
-1.1559685431220714
-0.25649389147205903
-0.011799684540010347
0.19219618724966847
0.003437425077239764
0.22011016211849
-0.27149195534966886
-1.8461681249994206
-1.5072462709508194
-0.5445411722874702
0.2280849320736411
0.10294031691108807
0.35411974972816496
0.08675349875936322
-0.10479313646949118
-0.20489645152539748
-0.025347725984089964
0.11694848709896188
0.056350724323215085
-0.6167088131722132
-1.2529315041249214
-0.17487545420442463
-0.20725719674517806
0.055975416218554175
0.024078343179256168
-0.24582811330449905
-0.09662471276244378
-0.15207090571839088
-2.196413372107678
-2.14181233470517
-1.564982935234364
-0.37724257595782407
-0.1576786805708319
-0.3258280925588485
0.26442076075572385
0.4022886377939787
0.4698383858021622
0.0878067927150945
-0.4304719637271701
-0.6101762889175415
-0.23401229816666747
-0.6420070133838428
-2.2351862393337543
-1.450498424599599
-1.1992078937717656
-1.0223830809298633
-1.632462198546106
-2.559366003030572
-1.584561461797822
-2.229759690484303
-2.1834086726257835
-1.1313021321701027
-0.38880644370294404
0.0062615795266078855
0.10644482475756045
0.2462319829727082
0.16199532323485744
0.11795532424151056
-0.8971876652180858
-0.7283228644990051
-0.07626801419564933
-0.10248449217845335
-0.47331672979743766
-2.0633900135693395
-1.344997460441225
-0.07836673892895796
0.17572508699349787
0.4542951562782078
0.4673570327328658
0.3017070556112367
0.6291614844356219
0.7168541742676422
0.8814823748603964
0.7838088716988618
0.3728543949670782
0.6156593492164741
0.5894970030641171
0.837473944042739
0.05438187819973561
0.3870088778341383
0.4481993567264164
0.549509091451051
0.34309588291998283
0.2974785496420693
0.2064553778075151
0.4260423001518656
0.3774290617127578
0.09022103428433947
0.4468423575529228
-0.006009235702385096
0.1819662151170025
0.2629408481771045
0.05560320258479989
0.3979240691037995
0.6153317831757661
0.5154412177466174
0.0871676457903614
-0.42877486861516845
-0.11509343967320596
-0.5413776702137555
-2.4007722641992046
-2.307287180781062
-1.2272871439651452
-1.276803479353215
-2.5167180719912396
-2.208992197952101
-0.8776254432170796
0.04188758261104253
-0.12494763962592814
0.22609497201787288
0.23627739913405166
0.20960292694201965
0.21155991392414641
-0.9131466647382585
-0.7159778290465089
-0.04781548661481039
-0.08939194199772627
-0.3495915177571327
-0.11640313781553968
-0.6948942354523204
0.022398072984630923
0.10498520462220173
-0.8497862190964316
-1.6221731930551522
-0.8706737865973175
0.22170414089543944
0.18341449593807213
0.3800800625975962
0.6927031283017249
0.8070788513686673
0.3176842698643425
-1.0543268756371909
-0.4433028977856287
0.05423311223948013
-1.1737220626939902
-0.41257902169266447
0.1314244295189091
-0.0874872407745404
0.30494106927098463
0.2218711718018309
0.19144233439153724
0.4234487279823014
0.27418462938588095
0.3266314836030171
0.00027035259580943105
0.3561876069222365
0.09899064403998392
0.16944298257049595
-0.029466097458454632
0.2056786019822623
0.16334869038273858
-1.5554533019164716
-2.4247064592863046
-2.5846242809327222
-1.1298120539755767
-1.142153421415872
-0.22967143619884012
-0.27040129490908116
0.07951844282901877
0.036717635632499634
0.1655403233839272
-0.0690138769245725
0.07493621497546843
0.03608066031346646
0.07515435298940765
-0.865969065346351
-0.342962749642852
-0.5105287871414306
-1.3461294718952892
-2.070439279290365
-1.0716603167611478
-0.2567181006089163
-0.6544258699220411
-0.5075289710321615
-2.012475311676482
-2.118780643931995
-1.6663470847582786
-0.6580131412375061
-0.6758742280024879
-0.2340924431604512
-0.540565130497991
-0.629118935910143
-0.2470063434683779
0.011415501279983253
0.09043568709910343
-0.03400562348311564
-1.3616390706311297
-0.47636067754898603
0.13415928002072008
0.12154898941946768
0.2761132185702331
-0.07692675743377331
-0.49574007516309426
-0.6716718784125011
-1.006753270953157
-0.744764963077688
-0.8381031530493428
-0.5988256062902262
-0.6092682209414075
-0.07130631602721116
-0.16916949193295872
0.28761441481162264
0.6912873630593477
0.5616147543602754
0.6861459203344584
0.5192361454954229
0.5713641267381828
0.3572828438434763
0.10357609994947814
0.05246927361248699
0.36758948268055236
-0.08393619314566059
0.30981438406225403
0.19821802987872705
0.3220277184475291
0.6457122371900672
0.5440033805771445
-1.197072811913429
-1.4614787549745347
-0.024088309820824216
-1.138601246139128
-1.2606289624913891
-0.4233949687518159
-1.0230439765898682
-0.6750914496476689
-0.04495105585915238
-0.11390665804794753
-0.22952750527230714
-0.7874589308438367
-1.1226053888238559
-1.0117936832378485
-1.9132534354408466
-1.9776227491124097
-1.6070739926884459
-0.16207406835039362
0.18848710729339202
0.1252097256003155
0.25449006466811075
0.3597857970094076
0.5310906064468499
0.46114855364789475
-0.0008388816984707947
-1.0236813975206593
-0.14045688494142694
0.20686525808110878
0.11494422212165412
0.12082628394303208
-0.7622677558838133
-0.20032729688755502
-0.2739448648115541
0.22848852897618577
0.43862608055722485
0.07249193255857089
0.4244678107655757
0.2548569372090401
0.328704029443204
-0.05913601759486187
-0.7968422043634518
-0.7533843080520162
-0.9700863917789441
-0.44403544167797226
-0.05492969818413651
0.46063680141319874
0.10913405604850301
0.5292704463355131
0.7637952648276534
0.9198519267584186
0.7255985770857636
0.9078873673984547
0.9779846155964369
-0.41141686140117883
0.6287949026666402
0.4774264500974452
0.6273094873881979
0.14390632723747543
0.09294328748143332
0.32662042090524457
0.10091078223000172
-0.02239995410007123
-0.13244268155823025
-0.06162764952464994
-2.1176497471092626
-1.6779262682082536
-0.5279997559976743
-0.353789442377086
0.09592031204120932
0.3151806921765534
0.3385441996389298
-0.9848146229794794
-2.084206957127181
-1.2410883441792693
-1.7445082324373558
-2.069199255195947
-0.876441644138254
0.054607744539338254
0.374768987334525
0.18634037673669002
0.10936849465678344
-0.6255154226785142
-0.10739152713117917
0.11563717160713072
0.03300956419435708
0.06336352913135013
0.27900258563881986
0.4751570562778944
0.12067878905512908
-0.19476952182715612
-0.0169910904049575
-0.8804603071049399
-0.0973055943889174
0.052843746564693816
-0.36369168845801403
-0.48937571034914973
0.09738268912346748
0.2771632646726452
0.1955285392841295
-0.73101687099791
-0.8625151493774283
0.4221504824004172
0.6048298560947971
-0.4710841163794336
-0.32266093688345276
-0.051015006297687515
0.49842604729205187
0.5100805840566605
0.2884530713512874
-0.8314140544273411
-0.27535040933957855
-0.1832017006386608
-0.26736881942594415
-1.413571092455039
-0.40967029773214236
-0.33683699854028104
0.112067864588546
-0.08699045488900681
-0.6989037074245756
-1.6876559667115458
-0.2411343068301084
0.15637781290805153
0.20927977057197356
0.2727094702687769
0.570808272336595
0.9560404294114544
-0.4244060315822944
0.2820508585408852
-0.5710519649997929
0.07735741394028528
-0.4039811754650019
0.5017880102221037
0.31054841710397363
-0.5543818953603299
-0.017134971612384975
0.0952242463094326
-0.004250998939543393
0.20325689202947417
-0.41968241380410154
0.703668707701423
0.8211578450871515
-0.18501796302412088
-0.4800471619176475
-0.9248873864876315
-0.9025427591222089
-0.7052773445622978
-0.8599780878433372
-0.14627582954163443
0.020622641609500336
0.22089410019672573
0.23432287851756128
0.12084987482045273
-0.28508858203081144
0.3269281558053576
0.2884633392916567
-0.11336186527385284
0.37341831397160363
-0.03999066587074407
0.49899592864932685
0.037627462602614736
0.49769972280875585
-0.27407802244982504
-0.47194444309185035
0.02543427651029062
0.06054859563146686
0.09446099161086718
-0.29854453244464585
-0.5976738170676515
-0.293249686711869
0.19675493647092823
0.34588140212770213
0.6767960150132619
0.5720262404744394
0.213287214840441
0.5431775903134437
0.48630840099763595
0.9799600129258323
0.48328852056165306
0.5552354683376592
-0.8778462292669925
-0.08239476570273441
-0.6799154485453491
-0.1751278635355542
0.20229920537585255
0.32849738829448705
-0.22025845271026734
-0.6679444661021522
-2.052640889529286
-0.9633132016832604
-0.10818688313877733
-0.21113213072525538
-0.04841996733417209
0.055279930648612696
-0.22610182099318543
-0.2380019381475924
-0.09755425281920083
0.08110332941819154
-0.29890541871605547
0.38185866454196304
0.14141468624670184
0.8393969557764105
0.8282613373571179
0.8766105473642656
0.8666521535057139
-0.1655681292534512
-0.3228701081792188
-0.2515820859722835
-0.1402363100080264
-0.3304217778619364
0.2688801693290144
0.5507173297274675
0.8080713543678992
0.8341158303998177
0.7709519566850296
0.751148642601277
0.27183152276055056
0.6109860246624541
0.5690074223990205
0.3711880823437974
0.11080328393346028
0.20248710504166434
0.06214405778959464
0.10282398565087947
0.3174048545099606
-0.5666827731734028
-0.19607696032583288
0.048139479644140115
-0.37261657907197887
-0.5720343176928726
-0.5468884161231031
-0.2088326462872906
-0.6935498832358016
-0.2786191856249107
-0.12318646387770582
0.07923506790036328
0.0014257711349656699
-0.09999996206524786
-0.1224932251243187
0.014882775206195964
-0.5525023869415104
-1.3089932018153627
-2.0156104122420566
-1.191270165262356
-0.9761416050691035
-0.5634397624319364
-0.4916557948289151
-0.7003507682247531
-0.8753648275004938
-0.9400101341373566
-0.4978085418976481
-0.31915551199387404
-0.16543833552675657
0.11934365557569349
-0.26041842635979096
-0.117224299615456
-0.1046852748164313
-0.7150958880872669
-0.6717335488591042
-0.5428833736941611
0.20339040575206702
0.2246604031198811
0.27056724198462145
0.307609555192496
0.40380887869207593
0.033894301466391275
0.37708322680531503
0.2659932933069966
0.470228373723091
0.5468714052916277
0.22582928754334852
0.3015420606958259
0.36125127974827875
0.24714133164416818
-0.27488352012540795
-0.32503713139806134
-0.05706498320289621
-0.2699387545288746
-0.2238618179926306
-0.2504278371412326
-1.6283471674872922
-1.905588819864581
-2.3145596877316503
-2.406598825746383
-2.445135146586212
-2.5261627430197797
-1.8297687635434046
-0.6721973045869081
0.01566105024613962
0.12882858666783115
0.3331060559509653
0.2292634267215945
0.30347058675079674
0.3854193202961824
0.4487778372996456
0.3401726350738079
0.19758409043940817
0.20083975086791583
0.11154531787652089
0.3931092974084367
-0.1484367674891709
-0.08645246924937977
0.37539153493758914
0.24514610377068835
0.15111457542240436
-0.4421021300347504
-0.1714974069971038
0.06604929080724475
0.4032732531716301
0.4384456274568025
0.5417345793208483
0.7056649578577459
0.515152391969832
0.4165187793471974
0.6083650672362606
0.5309683852721527
0.18718911636480629
-1.2187729177855608
-1.194280266878456
-1.2868414597878228
-1.225321126057308
-1.2475795696046301
-1.1973692054281189
-1.3533969249775855
-1.2188160369306964
-1.2190974380877309
-1.3561505719656655
-1.2979293000035284
-1.5243287591976649
-1.643224751616633
-1.5946866264992368
-1.793830588943215
-1.5128704483915567
-1.357581926738777
-1.5895865613597127
-1.5890091512723488
-1.5754000302099829
-1.6725465786912717
-1.9779392082362146
-1.3068731581712125
-1.217012594052358
-1.52285802208358
-1.2829525686062235
-1.6719115030369605
-1.708837503134951
-1.224252617254792
-1.8040378630338108
-1.4845445272983926
-1.2403812946554427
-1.1889773610338414
-1.1921247112502327
-1.2358346090360226
-1.197857230862645
-1.378277417108002
-1.4118996187587725
-1.3395088294477033
-1.307469295399871
-1.3913327989803095
-1.2742433018388115
-1.209952292633626
-1.1861715649048843
-1.2073410154485793
-1.1435378066691253
-1.1513470029383979
-1.108677133959803
-1.1525512459418803
-1.1381815501298878
-1.1957487411745817
-1.230978811240903
-1.169094844266678
-1.172689228056678
-1.6589701721703132
-1.8971285288461328
-1.4544197425218655
-1.1971518501068161
-1.2967968048436709
-1.280942254896302
-1.1798507827221318
-1.1795520476669474
-1.1860898014014414
-1.141623164534026
-1.1342550366757391
-1.346524722411567
-1.6077895627423198
-1.2710648073046036
-1.1338682090919474
-1.3697477020732123
-1.4669333895650953
-1.5759606187751276
-1.8020008192210981
-2.076097852055284
-1.5743669547708792
-1.606406536094547
-1.689464079807033
-1.491677010982809
-1.3576471067477638
-1.2644055039584605
-1.1803366132093958
-1.321520287586793
-1.3621156809160286
-1.5556889897564177
-1.4089622533860076
-1.5959946506319027
-1.2514464569643773
-1.2664094535025754
-1.369075924833827
-1.1941974377209534
-1.4711682967905029
-1.2062751266709817
-1.0946058968327426
-1.3650450044878568
-1.4443389847567096
-1.3413784867463259
-1.2076632618089318
-1.3409813180802317
-1.6844014170445385
-1.5492011074102165
-1.394337479952945
-1.4107414766975397
-1.4591978182493142
-1.3124472380812318
-1.3976270540705922
-1.460023801323234
-1.8567445353123655
-1.4163405567315748
-1.2713384146480056
-1.2008175780063102
-1.1691374382084216
-1.2203489091592572
-1.544098891521358
-1.900143112655903
-1.2444335108649893
-1.5186687140871682
-1.194104562878419
-1.1904586434188769
-1.1903206590475777
-1.2224224797365386
-1.1977629959761922
-1.2675693006880187
-1.209464964546419
-1.3795990391547328
-1.2848147173442153
-1.1904475812911688
-1.1885625913373616
-1.1921328410158707
-1.1908063608693922
-1.188559763655401
-1.2133899044227567
-1.1926908173199102
-1.1955315963458906
-1.2135290569798625
-1.2511768533436076
-1.285638548012255
-1.5700519031662896
-1.385385589095474
-1.7602933523557662
-1.860287185411455
-1.5480560684874716
-1.2155045819859094
-1.204477295433759
-1.1967268841445238
-1.225050486096547
-1.2022173314355893
-1.1901076246474094
-1.1913216802564248
-1.2460683184793642
-1.26482080794704
-1.395769893541008
-1.4093189239754735
-1.2084652109193372
-1.265194523520591
-1.4009628199839268
-1.3117544193399941
-1.520754858557336
-1.8250338211934367
-1.6516079104300971
-1.3696782783567252
-1.2663225069882036
-1.467335319413549
-1.7484907656442774
-1.683094497640254
-1.2143408864778982
-1.194988248448899
-1.2147151346165899
-1.2872089643082332
-1.5279118022956126
-1.198242235841767
-1.2029298762985237
-1.197423933737701
-1.1956794471208203
-1.1877082973957387
-1.1803452143791795
-1.1774862800972548
-1.187293612582572
-1.179916801799774
-1.1789922604912775
-1.1780951307690577
-1.1835572125121767
-1.1846904691654085
-1.1793726151169055
-1.1683409132585632
-1.1544865775709106
-1.2044024455873392
-1.121015911396697
-1.1798134761452812
-1.0507706143699742
-1.1676150582144458
-1.1338285221312587
-1.1004490829192388
-1.1296006790547148
-1.0738921357235922
-1.0791951959390476
-1.096654329121812
-1.2823574882360012
-1.1632280625465121
-1.069126873363774
-1.1503743699701747
-1.0166619389543428
-1.069595920933547
-1.0272561062806242
-1.0069545217918865
-1.0239255622964873
-0.9948016317827096
-0.9977291748034507
-0.9575251533870328
-0.9779644165473443
-0.9601506961299087
-0.9091768866444119
-0.9152152015482212
-0.8838247286720962
-1.2388372159735037
-1.5109566928930753
-1.7807201084952502
-1.233320359449744
-1.3660804643436877
-1.321721398655424
-1.0283307616608304
-1.0255400664222738
-1.1629006851555785
-1.0097808392310834
-1.0204065302341638
-1.0074237477689634
-0.9747433711155422
-0.9477146360363646
-0.8898433162115399
-0.8068588332625415
-0.884952679074946
-0.9591355301241444
-0.9624495781521524
-0.9626973952477579
-0.9796950408724284
-0.978573172936198
-1.3199045929834543
-1.0108482071008866
-0.932283482847389
-0.9615201522832804
-0.8904260626691576
-0.9406507156725916
-0.9536571047772546
-0.8319438606217486
-0.8398867541813353
-0.7904153554925661
-0.8726364653872689
-0.7315342202538864
-0.7359527222983663
-1.1055993436156595
-0.6586187823074885
-1.509592543566829
-1.0206178859676522
-0.8910422282360606
-0.9658976526424803
-0.8645180218345883
-0.8382780490370366
-0.8474683609062927
-0.8767353930000126
-0.7245953000541531
-0.8756559366270469
-0.7854910756460709
-0.713528607010351
-1.0962054382276234
-1.2483807660506885
-1.8302923935665718
-1.997327879437333
-1.2091568488518531
-0.7863493282179288
-0.8012923929366954
-1.3212790852159033
-2.1058077043722245
-1.1903493551779332
-1.1886699198580535
-1.1887112097822776
-1.1887859664907259
-1.18870446400699
-1.188941131040738
-1.1886656678718663
-1.1883894721798394
-1.1885182399920404
-1.1885165458442384
-1.18859598360613
-1.1886303209957414
-1.1884919419933806
-1.1909811509992523
-1.1299339420345038
-0.8449290155725111
-0.6121559147606386
-0.4188868088071793
-0.13735075570276467
0.023608672405717845
0.15698230059816076
-0.9256161575529618
-0.6568237834138213
-0.663380094546033
-1.7865367675990493
-1.8879714079184855
-1.6464315643060525
-1.659074226496224
-1.262932223790083
-0.9483660412961836
-0.5713804904767256
-0.4196840994749941
-0.27638737577813877
0.049846648768993695
0.18057009646768707
0.15745305077308447
-0.15560291296409678
0.21564561407814842
0.3183152232242459
-0.5373059070855339
-0.9438607612935075
-1.6461258052224421
-2.058658582569312
-1.9120160808954065
-2.3504997365518348
-2.280599673339541
-1.8336661928527214
-1.6520076228754619
-1.8462316701375117
-1.626597162224738
-0.3143524935515444
-0.5782622372011423
0.22705368069782317
-0.33126346408939833
-0.5422783474547292
-0.37665818301543597
-0.6247151997997948
-0.7648071524883706
-0.4419784496266408
-0.046783880847251824
-0.07271583465244746
-0.01618286905063937
-0.35533274411701754
-1.1631622309339444
0.1529867609434088
0.14362021177723805
0.6410055237958974
0.580763218325391
0.7130059542313123
0.7317829819846029
0.9530869954424459
0.8234045851829792
1.0993904323532522
0.9227391367241473
0.8577186933632304
1.0594916446028304
0.8456933143892964
0.9364980721654954
0.9686883168907479
1.1237881269143288
0.7336545739826208
0.2952174003510195
1.0968363557488925
0.9398970257723362
1.3634170883974062
0.9743819460048175
1.5274540983048002
1.2089119513772963
1.1327341390056416
1.0992695880301324
1.0323775345157788
1.0702308903302453
1.1202939309567326
0.9918917483953884
0.44581123379355225
0.29444785265690254
-0.7393297143065432
-0.27600233899593374
-0.6531554230700147
-1.4037663465171852
-1.6535824027740342
-1.3888114579399102
-1.2583400764615036
-0.8705502764876505
-0.8167083573375882
-0.16773292373943716
-0.22628490075062235
0.13969676276977583
0.2820445273894927
0.19246929860800255
0.5628687036423254
-0.7682506546008263
-0.03919726496499587
-0.8980108100955524
-0.1771729034223133
0.3946992761865993
-0.8336327425877605
-1.084412261246467
-0.5606016279876902
0.5703122462416201
0.7715964810767038
-0.3656311335137775
0.11367473588852528
0.040519816132711384
0.7320930397720651
0.5865226823628082
0.8023894051933327
0.9333780122159634
0.06349753340854725
0.8927751506718387
1.1993757499457425
1.0656078015191126
0.6019535662895861
0.5073882406414014
0.687723383762538
0.9377246957596694
0.6503366734381502
0.6184841680541948
1.0381718663366237
0.8264824856214876
0.7566335990784423
1.0642837993148018
0.7727616868726583
0.01901597528175536
0.3669949604254772
0.8553734667968562
-1.6040411015582894
-1.630526209502495
-1.712541461429939
-0.5256103889695747
-1.5751882362170913
-0.3936679204553616
-0.17980162224633722
-0.1520583009733001
0.6734503515624144
0.20269758715400332
0.6837080936657385
0.9574807563876753
0.8699390234493796
0.17305455453643503
0.23113366398474056
0.1252611106892365
-1.0439531935921353
-1.5912965732050117
-2.2517277526140864
-2.065907447814284
-0.30750528796823784
-1.6639655940883413
-1.6615695528432188
-1.2318335935327087
-1.1141968550094556
-1.7434982059755169
-2.4011221254421575
-2.078945566420174
-1.9043846404185485
-1.2837790376573126
-0.48353512766062723
-0.5355640630355445
-0.6090284784530922
-1.1458176817770909
-1.0574125725657808
-0.5147706416883802
0.17149752500426518
0.4941556849842146
0.6665192401349724
0.6218354585545252
0.5368196769703484
0.39138484827596387
0.47183996738740297
0.008120472473687412
0.22583150521092787
-0.5567405755389019
0.1280628521378051
0.2424100981063757
0.02686324556739872
0.3860953488971248
0.6537389244417355
0.7820109894900098
-0.05301421533294759
0.7218502063983527
0.3929741487310838
0.2540552291318112
-0.35448818719460506
-0.10130085014122026
0.07083624539477662
-0.06331523333590683
-0.002648102128673724
-1.8455691243737435
-1.5616979245049023
-1.9392292073424602
-2.3708066648794452
-1.7830956966051725
-1.2559350917095213
-0.9843068093603832
-2.2609522348044067
-0.7363862302074342
-1.4881809677490705
-2.262232134532991
-0.4829772617440804
-0.5964703214667988
-0.9602344996463201
-1.1328967463464694
-2.189139842057532
-1.828425761035704
-0.5164334668298957
-2.030926567249206
-2.2877747053954423
-1.8314892030680916
-2.4446879538239545
-2.33307215831518
-1.0822330475613051
-2.1348009201963025
-1.0890999433124509
-2.473325832533738
-2.4865888136519407
-0.727056758820282
0.004193144152161876
-0.07940087602871371
0.2937883282074314
0.4256582418034187
0.6548725352854323
-0.757449052218869
-1.7743123208878626
-0.9992216190708568
0.15559084324535877
0.6642684105154884
0.26502428202282924
-1.7371642619920706
-0.7082467442566995
0.05497334004677268
0.032432982155429
0.6778257177196758
0.6228582830987652
0.7953600762234172
0.6943527715421858
0.48448867800462114
0.48730732308895974
0.1191511881722982
0.5474735006545131
0.6876553519314423
0.26293138651238235
-0.9957582167522157
-0.5924597234355696
0.06322640446536032
-0.18606473724205896
-0.3990852395253167
-0.8006507536405354
-1.4611381887889228
-1.2360390817070541
-1.1323655095642635
-1.5053017521522944
-0.82889385208358
-0.3863675694306391
-0.17438458620753816
-1.071829803050546
-0.9462791426638417
-0.8159923164818871
-1.6093652258120668
-0.8036531819237687
0.3476225607043928
0.3337221760922471
0.3035129787026898
0.7096870659263159
0.526306860688244
0.6812326769919517
0.13692771473332832
-1.0511331152709324
-0.24997662363701156
-1.8287528869406298
-2.276617676636298
-2.0533811039524936
-0.42548318959935216
-2.3367786414129066
-0.1522014737587638
0.31856579836966237
0.6652155367537624
0.6142775371354168
0.355009503279756
0.5950210272515959
-0.8787044486281665
0.24256771261696586
0.34296486643914315
0.13217313638787975
-1.4939151870269987
-0.6336653583850006
0.32848938312785125
-0.010655347384479485
-1.8690983898848166
-0.8435128116466347
-2.307897554058382
-0.826982256853738
0.2395986683079785
0.7788736259078708
0.720738991730324
0.5942776431361536
-1.402387449362118
-0.7003369515258493
0.45314613869981213
-0.08979196012294977
-2.412328579343211
-0.36400501452998857
-0.5789909250003218
-1.891297441397653
-0.4316753851669255
-0.6865719814399975
-2.0354768203368554
-1.695948535097263
-2.5865905935488094
-1.94406164437514
-1.3237116744575703
-1.7419903452530527
-0.9458881582121447
-1.2395835162436035
-1.4788650282398934
-1.561727022992526
-1.4462658811362121
-0.7581526393850738
-1.2739025523585976
-0.07531140860650365
-0.5633002404979506
0.06977180938588368
0.16530635853406817
-0.1826156445406273
-0.7369861854002073
-0.2774977788062636
-0.7394173183377704
-1.3161171448579525
-0.46782335468408376
-0.7853500111025211
-0.9852611310544835
-0.5906686214991004
-1.284887133908917
-0.7145711877070007
-0.2512539162671653
0.38262724679904947
0.5828559033071954
0.674655051792485
0.26018635470642937
0.4014108311294764
-0.3026603499006275
-0.4307393899772445
-0.296773160492914
-0.6022053389772637
-0.521080886520373
-0.021430700254999158
0.006084884835250826
-0.2422169472472413
-0.755402442310245
-0.5752654727846096
-1.5151522153091792
-1.5954577809443038
-1.9534770535176504
-2.448692164014895
-2.365585656965871
