0.3068200000000004
0.18813999999999997
-0.04506
0.10759999999999996
0.3579899999999998
0.19789
-0.13646
0.08817000000000004
-0.025099999999999983
0.21414999999999995
-0.60056
-0.5791900000000002
-0.3269700000000001
0.2160400000000001
-0.27652
0.2517699999999999
0.39928
0.41013
0.3474799999999999
0.7201799999999997
0.5065199999999999
0.5106099999999996
0.6460500000000002
0.7163900000000001
0.7891799999999999
0.71203
0.8596799999999998
0.45854000000000006
0.40314
0.30865000000000004
0.11542999999999999
0.54824
0.44330999999999987
0.5512999999999998
0.5195700000000002
0.3865400000000001
0.7351600000000006
0.41516000000000014
0.48343000000000025
0.5235800000000002
0.5824200000000002
0.8325800000000001
0.6370700000000001
0.30479
0.32341999999999993
0.05400000000000001
0.34389
0.5031000000000001
0.5235900000000001
0.34086999999999995
0.14063000000000003
0.019310000000000015
-0.2872499999999999
0.3304300000000001
0.011630000000000014
0.31617999999999985
0.26242
0.13358999999999996
0.7214100000000002
0.6792699999999998
0.63519
0.09624000000000002
-0.019380000000000005
-0.03534
0.22003
-0.23945999999999995
-0.06791999999999997
-0.36405000000000015
-0.4693800000000001
-0.4062299999999998
-0.09443999999999997
-0.33838000000000007
-0.06118000000000002
-0.15051999999999993
0.44503000000000026
-0.26658000000000004
0.14071999999999996
0.5543000000000002
0.6453799999999998
0.56312
0.6319499999999999
0.7123599999999998
0.8221999999999997
0.38115999999999994
0.7386099999999997
0.8747499999999999
0.9553299999999999
0.8748900000000002
0.8655099999999999
0.9562199999999998
1.0019099999999996
0.8469000000000001
0.7763100000000001
0.8225499999999998
0.14110999999999996
0.26415
0.46455999999999986
0.58775
0.6035100000000003
0.6257400000000001
0.7529599999999997
0.7549899999999998
0.8091099999999996
0.66675
0.71481
0.7600599999999997
0.98406
0.8816499999999999
0.9747000000000002
0.8887799999999997
0.8327099999999997
0.84638
1.0328699999999993
-0.20843999999999993
-0.53335
-0.40445000000000014
-0.3689
-0.27561
-0.027770000000000003
0.08933999999999999
0.18780999999999992
-0.14651999999999996
-0.29519999999999996
0.20715
0.11169000000000003
0.21439000000000002
0.39252999999999993
0.6636200000000001
0.7757800000000004
0.5204899999999998
0.9095999999999994
1.0048799999999998
1.0558599999999996
1.0237099999999995
1.0017299999999996
1.1102599999999994
0.86161
0.7315199999999997
1.1723699999999997
0.76857
0.8179599999999998
-1.0288999999999995
-1.3536700000000002
0.37065
0.8216999999999998
-1.3826000000000003
0.6081
0.24431999999999995
0.8111499999999998
-2.2885900000000006
-2.4466299999999994
-1.4247799999999997
-0.9868099999999995
-1.7240399999999996
-1.6155399999999998
-2.5721000000000007
-1.8150800000000011
-1.4896400000000007
-1.1747299999999996
-2.3532000000000015
-2.7684800000000003
-1.5460999999999998
-0.6567300000000005
0.05670999999999994
-0.18599999999999994
0.29679999999999995
0.6084499999999998
0.5207999999999999
0.7789099999999997
0.7642799999999998
1.0471800000000004
0.7267099999999996
0.4614599999999999
0.9388500000000001
1.2361600000000004
0.9197500000000001
0.89533
1.05114
0.57097
0.9102699999999995
0.70533
0.9023999999999995
0.9446199999999996
0.044150000000000016
0.6409900000000001
0.738
0.81991
0.10533000000000009
0.7227899999999998
0.60856
0.7330800000000001
0.8945499999999997
0.8072099999999998
0.5471500000000001
0.6390700000000001
0.22980999999999985
0.11225
0.33701000000000003
-0.7324900000000002
0.15113999999999997
-0.27829
0.18441999999999997
0.3178700000000001
-0.42115
-0.44817000000000023
-0.02105000000000001
-0.2878100000000001
-0.17386999999999997
-0.31871999999999995
-0.7894600000000003
-2.314589999999999
-1.12651
-0.15507000000000004
0.1545
-0.13349000000000003
0.27670000000000006
0.34746999999999995
0.4527099999999999
0.4945599999999997
0.39024000000000014
0.6756999999999997
0.7931199999999998
-0.3279699999999999
-2.5039000000000002
-0.62904
0.5593199999999999
0.46646999999999994
0.8569199999999997
0.47737999999999997
0.07648999999999997
-0.03721
-1.10588
-1.6617
-1.604360000000001
-0.9115099999999999
-0.67491
-0.93782
0.16093999999999992
0.11745999999999997
0.16570999999999997
0.3696
0.47221000000000013
-0.5620199999999999
-1.91648
-2.2845600000000004
-1.0617200000000002
-0.8494699999999998
-0.44429
-0.7253499999999998
-0.19369999999999998
0.37122999999999995
0.8421099999999997
0.11990000000000002
0.27566
-1.0983600000000002
0.06411000000000003
0.23319999999999996
0.5295800000000002
-0.4525
0.23516
0.3074200000000002
0.4423699999999999
0.8399499999999998
0.26822999999999997
-0.15904999999999997
0.8604599999999997
1.1259800000000002
0.5632799999999999
0.41525999999999996
-0.2967000000000002
0.4418400000000001
-0.05773
0.12478000000000003
-0.022919999999999958
-0.18423000000000006
-0.5814699999999998
0.01455
-0.5980400000000001
-0.8208300000000003
-1.03893
-0.5080099999999996
-0.8820099999999997
-0.8978499999999999
-1.0916299999999999
-0.7060500000000001
-1.0784399999999994
-0.6023900000000001
-0.23035000000000008
0.09790000000000001
-1.18302
-0.5817599999999998
-0.6071100000000004
-0.07634999999999999
0.5422399999999999
0.29246
0.3206399999999999
0.24933999999999984
0.78484
0.8197599999999998
0.8486899999999996
0.4520799999999999
0.7467999999999999
0.1600500000000001
-0.8529899999999998
-1.5036399999999994
-2.3985
-1.1124200000000006
-2.7639999999999993
-0.4344000000000001
-2.8180699999999983
-1.5360899999999997
-0.48911
-0.6930899999999995
-0.20822000000000002
0.18728999999999996
0.19999000000000006
0.37096
0.4406199999999999
0.55842
0.32032999999999995
0.13197
0.30001
0.7151499999999998
0.8037100000000001
1.0174699999999997
0.41598000000000007
-2.44302
-0.4617300000000003
0.1904799999999999
-2.791759999999999
-0.30423
0.25261
0.2886500000000001
0.04105000000000001
-0.07508999999999989
-0.3343399999999999
0.09848000000000001
0.4048699999999999
0.49776000000000004
0.30540000000000006
0.2963099999999999
0.21037999999999987
0.60608
0.8230500000000002
0.5175399999999999
0.73767
0.8609999999999993
0.46627
0.5848900000000002
0.4004699999999999
0.3374499999999999
-0.04493
0.32854000000000005
0.6627899999999998
-0.9643499999999997
-0.47480000000000006
0.2103099999999999
-0.4884300000000002
-0.1288599999999999
1.0549099999999993
1.1716299999999995
-0.5272800000000002
0.18148999999999993
0.62534
0.23940999999999996
0.8821199999999991
0.7218300000000002
0.44974
0.09286
0.8029499999999998
1.4310500000000004
0.2965499999999999
0.48764999999999986
0.7717899999999998
0.76396
0.8661899999999999
0.8026199999999997
1.01331
0.7766099999999997
0.29181
-0.33599999999999997
0.35718000000000005
0.64081
0.7251199999999998
0.8236399999999996
0.3410300000000001
0.7460299999999996
0.9487800000000003
0.73791
0.7805200000000002
0.7951699999999998
0.43391000000000035
0.5964499999999999
0.4789900000000001
0.7587799999999999
-0.33331999999999995
0.3761599999999998
0.6849399999999999
0.6986799999999996
0.5811499999999999
0.12927999999999998
-0.8081099999999997
-0.22360999999999998
0.3778999999999999
0.5529499999999998
-0.18900000000000006
0.19296999999999995
-0.07835999999999999
-0.2240400000000001
-1.4196399999999993
-1.0968399999999994
-0.49842
0.056870000000000004
0.32793
0.11018000000000003
-0.5000199999999999
-0.37046
-0.15095999999999996
-0.24849999999999983
-1.4600699999999995
-0.40803999999999996
0.21242
0.16940999999999995
-1.1949199999999995
-1.1085
-1.3114599999999998
-1.0724799999999994
-0.7385999999999998
-0.7771599999999999
-1.3344
-1.4131099999999992
-2.5084900000000006
-1.3963199999999998
-0.87851
-0.3944099999999999
-0.10185000000000002
-0.3983900000000001
-0.37746999999999997
-1.08827
-0.5311899999999997
0.022089999999999995
-0.8488300000000004
-0.6901800000000001
-0.12219999999999999
0.05562
0.58008
0.32885000000000003
-0.5708900000000002
-0.06964000000000001
0.46666999999999986
0.73807
0.8570500000000001
1.0139699999999998
0.7725899999999997
0.78522
0.8563799999999994
0.4965600000000001
0.7047699999999998
0.42622000000000004
0.33497000000000005
-0.6543199999999998
-1.41155
-1.1702599999999996
-1.1636699999999998
-1.5193800000000002
-0.7597099999999997
-0.06417999999999999
-0.8738799999999992
-0.6994000000000002
-0.6250400000000005
-0.63544
-2.3064900000000006
-1.42103
-0.5365600000000003
-0.18137000000000003
-0.2026700000000001
-1.5842800000000004
-1.0942500000000002
-1.0008899999999996
-2.25917
-2.316910000000001
-1.27282
-2.179560000000001
-2.4928600000000007
-1.2942399999999998
0.09007999999999995
0.25789000000000006
0.10628000000000001
-0.32086
0.34229000000000015
-0.29728
0.08965999999999996
0.6850800000000001
0.4587799999999999
0.3608700000000002
0.61084
0.4027900000000001
0.5213399999999999
0.4684900000000002
0.4610199999999999
0.5973099999999997
0.2137500000000001
-1.7941699999999994
-0.8282499999999997
-0.4218399999999999
0.06458
0.13565000000000002
-0.9238799999999999
-0.59199
0.3257199999999998
-0.18722999999999995
0.6461999999999998
0.8206199999999997
-0.3796100000000001
0.6863499999999999
0.72319
0.9453500000000002
1.0751500000000003
1.1227800000000001
0.9641399999999996
0.6418300000000001
0.7722699999999998
0.4700500000000001
-0.32824000000000003
-1.6178000000000003
-0.91577
0.27578
0.58524
-1.6856000000000002
-0.8245799999999999
-0.4450300000000001
0.18203000000000003
0.43695999999999985
0.3502899999999999
-1.6881299999999997
-2.4448999999999996
-0.27823000000000003
-1.6352699999999998
-0.74166
-1.59826
-2.745379999999999
-1.0228999999999997
-0.37473999999999974
-0.8567800000000002
-0.33685000000000004
0.40152999999999994
0.38467999999999997
-0.15116999999999997
0.35040999999999994
0.57941
-1.3833399999999996
-0.5355200000000002
-0.16251000000000004
-0.3157400000000001
-0.4657400000000002
-2.2909900000000003
-2.6657600000000006
-1.4904900000000003
-0.77658
-0.5491700000000004
-0.3017
-0.37017000000000005
-2.27759
-1.32523
-0.31531000000000003
-0.11229999999999997
0.08276
0.32238000000000006
-0.08751000000000003
-0.8832900000000001
-0.6493100000000003
0.28220000000000006
0.3888200000000001
0.15974
0.2269499999999999
-0.31438999999999995
0.11315999999999997
0.022140000000000003
0.04912999999999999
-0.12215999999999994
-0.5005600000000001
-1.5894599999999997
-2.0646400000000007
-2.516699999999999
-2.4809099999999997
-1.3102600000000002
-0.6380400000000002
-1.5130899999999994
-2.05821
-1.3148599999999997
-1.9575300000000007
-2.1682699999999993
-1.8811099999999998
-2.1709100000000006
-1.8843299999999994
-0.13665000000000005
-0.8581900000000001
-0.31990999999999997
-0.20732
-0.7956400000000001
0.35685
-0.014370000000000008
0.3844400000000001
0.9039500000000005
0.8869400000000003
0.37433000000000005
-0.12717
-0.9930700000000001
-0.3455900000000001
0.07045
0.29736000000000007
0.13218
-0.22511000000000006
-1.34357
-2.0242799999999996
-0.8755700000000003
-0.9882399999999998
-1.01766
-1.0079299999999998
-1.6846000000000005
-2.5135099999999997
-2.7307500000000005
-1.5164999999999997
-0.8493399999999999
-0.9133999999999999
-1.5813200000000003
-1.2663200000000003
-1.7622200000000001
-1.540000000000001
-1.8310800000000012
-1.06977
-1.1529399999999996
-1.3191500000000005
-1.3608300000000007
-1.72087
-0.6509299999999999
-0.08171999999999997
0.5113300000000001
0.5344599999999999
0.34166999999999986
0.34873000000000004
0.37711999999999984
0.28880000000000006
0.4153700000000003
-0.5869299999999997
-2.7874699999999986
-1.3627500000000006
-0.4204999999999998
-0.9989800000000002
-0.8896600000000003
-0.8474299999999999
-0.41999999999999993
-0.8600200000000003
-1.0975399999999995
-1.13671
-1.7936699999999999
-2.76182
-2.6444099999999997
-1.7131099999999992
-1.03723
-0.7004399999999998
0.05545999999999998
-0.026680000000000023
0.16854
0.2669900000000001
-0.50275
0.028209999999999992
-0.16068000000000007
0.48823
0.11355999999999997
0.61738
0.0068200000000000075
0.5305000000000001
0.5739400000000001
0.07830999999999999
0.28813
0.39794
0.44916000000000017
-0.44312000000000024
0.015729999999999987
0.23491000000000006
0.3984600000000002
0.43949999999999995
0.6171900000000002
0.23579999999999987
-0.17951
-0.38264
-0.44111999999999996
-0.4427999999999998
-0.2940199999999999
0.38748999999999995
0.5371000000000001
-0.20928000000000002
-0.6155600000000001
-2.228270000000001
0.14535000000000003
-0.23411999999999986
0.24605999999999992
0.22912000000000016
0.07997000000000003
-0.5868799999999998
-0.8101799999999997
-0.7683800000000001
-0.14805000000000001
-0.37058000000000013
-0.01012
0.27877
0.3769499999999998
0.34232999999999997
0.3134700000000001
0.4362499999999999
0.24346999999999994
0.33133999999999986
0.04675
0.31652
0.3813399999999996
0.5215500000000001
0.23424000000000011
-0.23429999999999995
0.22174999999999997
0.37756
0.35089
0.23102999999999999
0.053619999999999994
0.45437000000000005
-0.08974999999999998
0.11674999999999996
0.29346000000000005
0.19843
-0.83801
-0.11927000000000001
-0.2757900000000001
0.09265999999999998
0.04256
-0.006359999999999998
0.10267999999999995
0.11622999999999996
-0.09459999999999998
-0.49938999999999995
-0.63735
-0.38726
-1.1403699999999999
-0.10753000000000004
0.46064000000000005
0.3568699999999999
-0.14636999999999997
-0.5168800000000001
-0.9894900000000001
-0.48588999999999993
-0.14534999999999995
0.18339000000000003
-0.019269999999999992
0.14163999999999996
-0.4543600000000001
-2.62833
-1.54187
-0.6196100000000001
0.14613999999999996
0.13346
0.40161999999999975
0.08159999999999998
-0.0636
-0.19697000000000003
0.03995000000000001
0.18137999999999996
0.10673
-0.44720000000000004
-0.9244000000000002
-0.24536000000000008
-0.2922700000000002
0.13870000000000002
0.013969999999999998
-0.2414
-0.05389000000000003
-0.14125999999999994
-1.8358699999999992
-2.6122300000000003
-1.5448599999999992
-0.15309
-0.02181
-0.3580100000000001
0.3431700000000001
0.4330399999999999
0.48619
0.13611999999999994
-0.3826599999999999
-0.44708000000000014
-0.22266000000000008
-0.7278900000000001
-2.37698
-1.0783200000000004
-1.0208700000000002
-0.7767499999999999
-2.1047000000000002
-2.528660000000002
-2.1985900000000003
-2.451210000000001
-2.5348799999999985
-1.3447199999999992
-0.17829000000000003
0.07516000000000002
0.11415000000000004
0.23924999999999996
0.15747000000000003
0.13615
-0.5591800000000001
-0.6041800000000003
-0.22699000000000005
-0.06428999999999996
-0.3799199999999999
-1.2014699999999994
-0.80297
-0.18100000000000013
0.22782999999999998
0.4790699999999999
0.4814900000000001
0.31903999999999993
0.5429
0.72222
0.9173999999999998
0.7952600000000001
0.41379000000000005
0.7152899999999999
0.74323
0.9349700000000002
0.03883000000000001
0.33268000000000014
0.43195999999999996
0.5125400000000001
0.41407000000000005
0.3758100000000001
0.22129
0.42612000000000017
0.36736
0.11921999999999999
0.39016000000000006
-0.11065000000000003
0.14973
0.16902
0.04433999999999999
0.3816099999999999
0.49905000000000016
0.4778000000000002
0.07115000000000002
-0.33110999999999996
-0.058069999999999976
-0.58691
-2.3513300000000013
-2.6521000000000003
-0.92803
-1.29873
-2.5431500000000007
-2.691650000000001
-0.9513499999999999
-0.20637999999999995
-0.13279
0.15836
0.2622800000000001
0.23357
0.16107
-0.7094699999999996
-0.76531
-0.12359999999999997
-0.06446999999999999
-0.2719400000000002
0.01465999999999999
-0.56845
0.05288
0.09966
-0.73801
-2.050560000000001
-0.7976300000000002
0.37478
0.2441899999999999
0.3325499999999999
0.47569999999999996
0.6460700000000001
0.30060000000000014
-1.0525
-0.45299999999999996
0.0034200000000000003
-1.5496300000000007
-0.29453999999999997
0.21858999999999995
-0.06934000000000003
0.22224000000000005
0.09624999999999999
0.10922000000000004
0.3647199999999999
0.24171000000000004
0.18357999999999997
0.023419999999999982
0.35677
-0.007279999999999988
0.12016000000000002
-0.18425999999999995
0.1721399999999999
0.18292999999999995
-1.46645
-2.5698100000000004
-2.5933100000000002
-0.94379
-1.3715800000000007
0.06407
-0.19138000000000005
0.12968000000000002
0.08707000000000001
0.13540999999999992
-0.06957999999999999
0.10601
0.15012999999999996
0.17343999999999998
-0.77601
-0.29408999999999996
-0.3582600000000001
-0.8474700000000002
-1.7869899999999999
-0.7478899999999998
-0.11907
-0.6919499999999998
-0.48685
-1.579660000000001
-2.6053999999999995
-1.0625600000000002
-0.39620000000000005
-0.42888000000000004
-0.10619999999999993
-0.44642000000000004
-0.4343099999999997
-0.28552000000000005
0.004010000000000006
0.15278999999999998
0.03144
-0.9500100000000002
-0.3632499999999999
0.0894
0.09777999999999999
0.24419000000000016
-0.20504
-0.37636
-0.5240200000000003
-0.47430000000000005
-0.48981000000000013
-0.37331000000000003
-0.4266599999999998
-0.69967
-0.11943
-0.12147999999999992
0.34013
0.7728300000000004
0.7672699999999998
0.8304900000000005
0.7036799999999999
0.8599599999999998
0.46381999999999995
0.12638999999999997
0.026720000000000018
0.2039600000000001
-0.4025200000000001
0.2646900000000001
0.08381999999999998
0.20784999999999992
0.5581499999999998
0.6611299999999999
-1.4248599999999996
-1.59062
0.04329999999999999
-0.8696300000000003
-1.1176000000000001
-0.6478199999999998
-0.78604
-0.6488900000000001
-0.15128999999999998
-0.12990999999999994
-0.29660000000000003
-0.47181999999999996
-0.6489400000000001
-0.53462
-1.7652299999999999
-2.4294099999999985
-1.5165999999999997
-0.2042199999999999
0.23097000000000012
0.24088999999999994
0.30191
0.3141900000000001
0.5578799999999997
0.5538099999999998
-0.04585000000000003
-1.2569699999999997
-0.11249999999999993
0.42262000000000005
0.27412
0.14744999999999997
-0.6118900000000003
-0.12150999999999997
-0.10211000000000002
0.19617000000000004
0.45319999999999994
0.11307000000000005
0.45303
0.3678400000000001
0.16217999999999994
-0.050069999999999996
-0.36267000000000016
-0.42924999999999996
-0.44035000000000013
-0.27475000000000005
0.041940000000000005
0.32720000000000005
0.09067000000000001
0.43690999999999997
0.7138699999999996
1.0810000000000002
0.8209699999999996
1.0134599999999998
1.1764100000000004
-0.4816900000000001
0.5024400000000001
0.5653100000000003
0.6033700000000002
0.19757000000000002
0.11699
0.28847
0.06880000000000003
-0.3069499999999999
-0.35728000000000004
-0.050749999999999976
-2.6210099999999996
-1.6308600000000006
-0.39008
-0.30007999999999985
0.2679699999999999
0.4006
0.42731
-0.7967200000000002
-2.5432
-0.4396899999999999
-1.6022399999999992
-1.4559499999999994
-0.34134999999999993
0.15383999999999998
0.3630499999999999
0.30673999999999996
0.23946000000000006
-0.71694
-0.16224999999999998
0.2753
0.12047999999999998
0.12218000000000004
0.5158600000000001
0.7549100000000002
0.25945999999999997
-0.26511
0.10533000000000003
-1.1194099999999998
0.02137000000000001
0.22766000000000006
-0.28751000000000004
-0.5978100000000002
0.4301499999999997
0.46109999999999984
0.29329
-0.5841800000000003
-1.3332800000000002
0.5404799999999998
0.8393100000000002
-0.4883000000000003
-0.40635999999999994
0.08208000000000004
0.4875900000000004
0.6980900000000004
0.4542999999999999
-0.61189
-0.3991500000000002
-0.1087099999999999
-0.2629100000000001
-1.5323899999999997
-0.41892000000000024
-0.35131000000000023
0.30186
0.014770000000000004
-0.4052300000000002
-0.7885100000000004
-0.25828
0.43919
0.33553999999999995
0.44104999999999994
0.7817100000000002
0.9355600000000002
-0.32333
0.3710900000000001
-0.5226000000000001
0.22568000000000005
-0.3947200000000002
0.7924500000000002
0.43171000000000004
-0.5209400000000002
0.28321999999999986
0.19610000000000002
0.10615000000000001
0.50957
-0.24250000000000008
0.66503
1.0045099999999996
0.09625000000000002
-0.5043400000000002
-0.7290800000000003
-0.80557
-0.5176200000000001
-0.6687900000000002
-0.004430000000000004
0.04223999999999999
0.25509
0.23958
0.0857
-0.33672
0.25529999999999997
0.22209999999999994
-0.12082000000000001
0.43326
-0.010079999999999987
0.52059
0.09795
0.8751699999999996
-0.32143
-0.5126400000000002
0.19511
0.15922999999999995
0.15038999999999997
-0.055709999999999996
-0.45336000000000015
0.0053
0.2781199999999999
0.3943999999999999
0.7393499999999998
0.7204999999999999
0.3860899999999999
0.7102200000000002
0.8583299999999998
0.9831900000000001
0.6145300000000001
0.7181300000000002
-0.8024999999999999
0.04006000000000002
-0.6906800000000001
-0.12900000000000003
0.23432999999999995
0.5104099999999998
-0.03870999999999999
-0.43893999999999983
-1.2600299999999998
-0.5683399999999998
0.13858
0.10393
0.15683000000000002
0.18398999999999993
-0.06608
-0.09140000000000002
0.07551999999999999
0.20943999999999982
-0.2281999999999999
0.44062999999999986
0.29116
1.0441500000000001
0.9380399999999994
0.9252099999999999
0.9266199999999999
-0.20369999999999996
-0.2610800000000002
-0.17991999999999994
-0.038799999999999994
-0.24538000000000007
0.5431199999999997
0.6508200000000001
0.94026
1.1067899999999995
1.1250799999999999
0.9343499999999991
0.40453999999999984
0.8959300000000002
0.8861099999999997
0.6087400000000003
0.25335
0.2605299999999998
0.22454999999999994
0.2526699999999998
0.4602100000000002
-0.45435
-0.16264999999999996
0.24060000000000004
-0.42015
-0.33326
-0.5014099999999998
-0.28914999999999996
-0.72616
-0.26325
-0.10716
0.17106000000000002
0.02123999999999999
-0.17447999999999989
-0.22130999999999992
0.22188999999999992
-0.36242999999999986
-1.3130099999999996
-1.6487699999999996
-0.9098800000000006
-0.8742900000000003
-0.3691200000000002
-0.34783999999999987
-0.49624999999999986
-0.4016100000000001
-0.5157499999999999
-0.37742000000000003
-0.032029999999999996
0.10579999999999998
0.23863999999999996
-0.051999999999999984
-0.024740000000000012
0.030760000000000006
-0.31326
-0.24692999999999984
-0.6724900000000001
0.34241000000000005
0.48709000000000024
0.4041499999999999
0.4269399999999999
0.5316000000000003
0.1888999999999999
0.4826400000000001
0.4450400000000001
0.48871999999999993
0.71864
0.4276899999999999
0.4066300000000003
0.4399200000000002
0.19103999999999988
-0.2925300000000002
-0.3885900000000001
-0.0018900000000000017
-0.32059
-0.19067000000000003
-0.05802
-1.2743799999999998
-0.8447200000000001
-2.04911
-2.1064300000000005
-2.13709
-2.342
-1.9573500000000001
-0.4962500000000001
0.20539999999999994
0.25349
0.3379299999999999
0.27787
0.3305299999999999
0.48304999999999987
0.5471699999999998
0.37988000000000005
0.27164000000000005
0.2049499999999999
0.14253999999999997
0.3191399999999999
-0.17903
-0.15254000000000004
0.3204200000000001
0.23429000000000003
0.19973000000000002
-0.5308900000000001
-0.15542999999999998
-0.04152000000000001
0.44934999999999997
0.4764599999999998
0.4859899999999999
0.7539199999999998
0.5091999999999998
0.33421999999999996
0.5519199999999997
0.5003299999999997
0.17625000000000005
-0.013849999999999984
0.3181100000000001
-0.55526
-0.09983000000000006
-0.35222999999999993
-0.13682000000000002
-0.7723699999999993
-0.47096999999999994
-0.19189
-0.7753000000000003
-0.36861
-1.1495900000000003
-1.8017400000000003
-1.2447699999999997
-1.89825
-1.34431
-1.1377999999999997
-2.5361299999999996
-2.6432599999999993
-2.5595599999999994
-2.7028400000000006
-1.6148099999999996
-0.7567400000000002
-0.12843000000000004
-1.5050100000000004
-0.5950100000000005
-2.09057
-1.8390799999999994
-0.4486200000000002
-1.99482
-1.4557400000000005
-0.6634300000000002
0.26411999999999997
-0.46341
-0.6397399999999999
-0.4843400000000002
-1.3241800000000006
-1.25601
-1.1070499999999999
-0.6361100000000003
-0.8159199999999999
-0.47884000000000015
-0.12156000000000004
-0.19918999999999992
-0.11406000000000001
0.22693000000000005
0.5012000000000001
0.6402499999999999
0.03189000000000001
-0.08879999999999998
0.004990000000000006
-0.10736000000000002
-0.14894999999999997
-0.1343
-1.8952799999999994
-1.8977199999999994
-1.0533799999999998
-0.20613000000000006
-0.5403100000000001
-0.46062
0.22181000000000003
0.27580000000000005
0.4387000000000001
0.5643900000000001
0.17553000000000002
-0.8306899999999996
-1.23036
-0.3402799999999999
-0.060989999999999996
-1.00226
-0.8962899999999998
-1.1808799999999997
-2.1488700000000005
-1.945869999999999
-1.28228
-1.3551300000000004
-1.25081
-1.0924299999999996
-0.5204399999999998
0.017490000000000002
0.15866000000000002
-0.4167800000000001
-0.6839399999999997
-1.1954899999999997
-0.9276499999999998
-1.2020199999999996
0.06845000000000004
0.006020000000000013
-0.94829
0.11451999999999991
-1.0029900000000003
-0.13310000000000002
0.4549900000000001
-0.8384499999999997
-0.8496800000000002
-0.6092899999999998
-0.028329999999999998
-0.8364999999999999
-1.67922
-1.0721600000000007
-0.6560899999999998
-0.9566899999999999
-0.8205399999999998
-0.5965900000000001
-1.18316
-1.8184000000000002
-2.52992
-0.8083299999999997
-0.14316999999999994
0.3422500000000002
0.6643500000000002
0.022269999999999998
-1.1253900000000001
-2.011149999999999
-2.0403299999999995
-2.6787399999999986
-1.12684
-1.2844699999999998
-1.1876500000000003
-1.4788400000000013
-1.2682400000000003
-1.8106399999999994
-1.21442
-1.79001
-1.428440000000001
-0.20864999999999995
0.3061199999999999
-0.17287000000000002
-0.2792999999999999
0.26215
-0.7245899999999997
-0.3161899999999999
-0.2197699999999999
-0.45167999999999986
-1.0261699999999996
-1.1751099999999997
-2.3926700000000007
-2.0530399999999993
-2.3775099999999996
-2.514909999999999
-1.7864899999999997
-0.9942400000000005
-0.90597
-0.55754
-0.9897100000000002
-0.7112299999999999
-0.13020000000000007
-0.06920999999999994
-1.1200799999999997
-1.2520999999999995
-1.6530899999999995
-1.9517099999999987
-0.7368600000000002
-1.4267199999999993
-1.9088799999999992
-1.5408499999999998
-1.9731999999999987
-2.0288699999999995
-1.9686299999999992
-1.67586
-1.3867199999999997
-1.6434499999999996
-2.0713299999999997
-2.0228599999999988
-1.1181799999999997
-0.5843399999999999
-0.5481499999999999
-1.0767399999999991
-1.74456
-0.43030999999999986
-0.03399000000000002
-0.10454999999999998
0.08926000000000006
-0.024689999999999986
0.23865000000000014
0.5696499999999998
-0.15046000000000004
0.39592000000000005
0.9534299999999998
0.7247499999999999
0.98082
1.4977699999999998
1.41615
0.91084
0.93414
-0.11305
0.5435099999999999
-0.28261999999999987
0.5658499999999997
-0.10432999999999998
-0.08956000000000001
0.28520000000000006
0.9398300000000002
0.7807100000000001
-0.05383
-0.1199
-0.9228199999999995
-0.20342999999999986
0.45854999999999996
0.06751
0.09443000000000001
-0.03630999999999998
0.19517000000000004
0.7448999999999997
0.6644500000000001
0.8209499999999998
0.7709599999999998
0.6783399999999999
0.7555299999999998
0.23983000000000002
0.8078400000000001
0.8034799999999997
0.7900499999999998
-0.5922499999999998
-1.2154599999999995
-1.6870000000000003
-0.43289999999999973
-0.8557799999999999
-0.3849099999999999
0.3366500000000001
0.5002699999999999
0.29882000000000014
0.6148100000000002
0.21310000000000007
1.0562299999999996
0.9682099999999997
0.5772000000000002
1.0368299999999997
0.62393
0.6487200000000003
0.7599099999999999
1.20251
0.87726
0.63646
0.7729200000000002
-0.53916
0.17851
0.5620100000000001
0.7121500000000001
0.5261799999999999
0.3859
0.13368999999999998
0.4948700000000001
0.49756000000000017
0.59473
0.57747
0.8698900000000006
1.03024
-0.15728000000000003
0.65904
-1.1949300000000003
-0.3747300000000001
0.4158999999999999
0.9401800000000002
0.7021
1.1106799999999997
0.9665700000000008
-0.008790000000000004
0.5707900000000001
1.3171199999999996
1.32446
0.75599
-0.08228999999999999
-0.8298300000000002
-1.727579999999999
-2.0524299999999993
-0.424
0.97331
0.7660199999999999
-0.8367999999999999
-2.262399999999999
-1.8915100000000011
-0.6405700000000002
-0.5966900000000002
-0.7290499999999999
-0.4555200000000002
-0.63334
-0.18269999999999997
0.5397899999999997
0.25666999999999995
0.47692999999999985
0.37791999999999987
0.5477799999999998
0.6899599999999999
0.4914899999999998
0.5877999999999999
1.0113499999999995
0.9203299999999999
0.9901599999999995
1.4795900000000004
1.5554599999999994
1.0951899999999997
-0.004619999999999996
0.10307999999999998
0.048820000000000016
-1.2751500000000004
-1.71813
-2.7518999999999996
-2.85651
-0.8552100000000002
0.17282999999999998
0.6249499999999998
0.6757299999999998
0.7332699999999995
0.6476400000000002
0.7439999999999999
0.8289199999999995
0.93186
0.9461600000000003
0.6932
0.054480000000000015
-0.17104999999999992
-1.2239500000000008
-1.7774499999999998
-1.9344499999999993
-1.83583
-1.0448799999999998
-1.0013400000000003
-0.83682
-1.8404699999999994
-0.93487
0.09585000000000003
0.29856
0.6507000000000004
0.37915000000000004
0.18136000000000002
0.10967
-0.08563000000000001
-0.35778
0.0734
0.25059000000000003
0.26847000000000004
0.5785400000000004
0.13120000000000004
-0.6046800000000002
0.4955400000000003
0.7699000000000001
1.0485
1.0607700000000002
1.2895300000000005
1.5420399999999994
1.5368700000000002
1.5140999999999998
1.5666299999999997
1.3093099999999995
1.3126799999999996
1.22186
1.5900399999999997
1.2128000000000003
1.5473400000000004
1.5581499999999995
1.7022599999999994
1.2295899999999995
1.7134699999999998
1.7774599999999998
1.78981
1.1291700000000007
1.6884899999999998
1.4057300000000006
1.35333
1.34515
1.3298700000000003
1.4438200000000005
1.5479200000000009
1.5805600000000004
1.1509400000000003
1.7385399999999998
1.18599
1.0219599999999998
-0.1948499999999999
-1.7764199999999997
-2.53545
-2.1356499999999996
-2.78478
0.25465000000000004
0.53772
0.84207
0.32072999999999996
0.67569
0.9179899999999998
0.5078000000000001
0.9463599999999994
-0.12340000000000001
0.17031000000000007
-0.15183999999999997
0.15034000000000003
0.26625
-0.42931
-0.52829
0.16762000000000007
0.67814
0.9286500000000001
0.16023000000000007
0.39541000000000004
0.36449999999999994
0.8938699999999996
1.0576499999999998
1.1032699999999995
1.1388299999999993
0.49540999999999996
1.0586300000000002
1.11625
1.1575799999999998
1.13369
0.8091300000000002
0.8164
0.8752199999999998
1.05917
1.05084
0.93865
1.1494500000000003
1.14497
1.14545
1.16438
0.43376
0.8580200000000002
1.0417600000000002
-1.8139300000000003
-1.5150200000000007
-0.9051200000000001
-0.3657599999999999
-0.8979100000000004
0.2204100000000001
0.29827999999999993
0.13375000000000006
0.7001200000000003
1.0356200000000002
1.1084600000000002
1.17175
1.1829999999999998
1.1168999999999998
0.4484
0.4004800000000003
-0.8820399999999998
-1.9121700000000006
-2.4225100000000004
-1.9790399999999995
0.11962000000000003
-2.1575499999999996
-1.9835900000000013
-0.7518199999999999
-0.61425
-1.44546
-2.5761499999999997
-1.8680199999999996
-1.0313500000000002
-0.8416500000000002
-0.13364
-0.16740999999999995
-0.36967000000000005
-0.8109199999999999
-0.9220099999999999
-0.07915
0.42938000000000015
0.7672400000000001
0.8852699999999999
0.8021299999999997
0.9060499999999996
0.8881
0.9174999999999999
0.15194
0.2821
-0.3508200000000001
0.2552
0.2962600000000001
0.16803
0.3201100000000001
0.92205
0.91082
0.3194899999999999
0.8781899999999997
0.79715
0.7842300000000002
0.09123
0.27518000000000015
0.11182000000000004
0.15782
0.21264000000000005
-1.26567
-1.00211
-1.9207899999999996
-2.43755
-1.21424
-0.8252399999999999
-0.7670600000000002
-2.4145199999999996
-0.6934500000000001
-1.1909299999999998
-2.3435500000000005
-0.18607000000000018
-0.03436000000000001
-0.3512700000000002
-0.2760800000000001
-1.1338000000000006
-1.0102199999999997
0.10968
-1.17593
-1.4395400000000007
-2.3107300000000004
-1.5660300000000007
-1.8073200000000003
-0.5958699999999997
-2.7587
-0.8493299999999999
-2.0551
-1.3858100000000002
0.10988000000000003
0.7945200000000002
1.2623799999999998
1.25596
1.1971999999999998
0.7775099999999998
-0.47767000000000026
-1.1513499999999999
-0.5634600000000001
0.21845999999999996
0.6834099999999999
0.49918000000000007
-1.2397700000000003
-0.38734
0.41408
0.6467400000000003
0.9934899999999997
1.0286599999999997
0.9891799999999997
1.1020099999999995
0.8552999999999997
1.0920899999999998
0.9882999999999998
0.8935099999999998
0.8256999999999999
0.8887400000000004
-0.5328799999999999
-0.34346999999999994
0.20843000000000006
1.0491299999999997
0.18310999999999994
-0.71981
-2.792259999999999
-0.8457300000000003
0.046709999999999995
-0.8331300000000005
0.9233399999999996
0.9912599999999999
0.7036399999999996
-0.09787999999999997
-0.25626
-0.24866000000000002
-0.8902299999999999
0.06730000000000001
0.7291500000000001
0.77813
0.5305200000000001
0.7149
0.6704899999999999
0.96892
0.33515000000000017
-0.8170899999999998
-0.5120699999999999
-1.3325799999999994
-2.1282899999999985
-2.246919999999999
-0.4797800000000001
-2.12297
-0.4530200000000001
0.49162999999999984
1.00482
0.8490999999999999
0.3489000000000001
0.6122600000000004
-0.33137
0.6775900000000001
0.81586
0.31927999999999995
-1.4751200000000007
-0.3270499999999999
0.22351999999999997
0.08666
-2.64283
-0.49634000000000006
-1.8228500000000005
-0.3674400000000002
0.6262599999999999
1.11973
1.0646499999999997
0.6962700000000001
-1.6482
-0.4359200000000001
0.3545799999999999
-0.14187000000000002
-2.4201800000000016
-0.23664999999999994
-0.31492999999999993
-1.1511099999999999
0.22402999999999998
0.24157
-2.07268
-1.6869400000000006
-2.68327
-2.3813400000000007
-0.9056100000000005
-1.1502600000000003
-0.61336
-0.6422200000000001
-0.7390799999999997
-0.84089
-0.70701
-0.14781000000000002
-0.6498200000000002
0.18535000000000004
0.08595999999999998
0.48701000000000005
0.33728
0.08020000000000001
-0.48968000000000006
0.061849999999999995
-0.5660000000000003
-1.6820999999999997
-0.3453499999999999
-0.59129
-0.6476800000000001
-0.20606000000000002
-0.8541900000000002
-0.53197
0.038320000000000014
0.6762899999999997
0.9541299999999994
0.9151599999999998
0.9197699999999993
0.9030299999999998
0.06171000000000002
-0.21145000000000003
-0.11996999999999992
-0.4941400000000001
-0.4099999999999999
-0.11406999999999995
0.05732999999999998
0.004100000000000013
-0.43769000000000013
-0.23099
-2.0322400000000007
-2.539689999999999
-2.5010199999999996
-2.49358
-2.4913400000000006
