0.24337697297843164
0.2475348210700572
-0.11961934095662086
0.094484346439764
0.2757058580744507
0.11087631579439616
-0.11094585433841031
0.023546049346828024
-0.08849835526463457
0.08964160244312369
-0.8408216117628409
-0.5623814854806042
-0.14141082308467023
0.16080084801413985
-0.2384200561181664
0.18772667881274874
0.39542325504451514
0.2877768784779857
0.2572671347852862
0.5249285902902325
0.4684334701302808
0.41646096812645816
0.5534216325532717
0.564309056321175
0.6254559627631335
0.5588102193762878
0.7661135863380417
0.32409795512963635
0.32859931221113836
0.24242955772160713
0.051961790575005384
0.39721766530355884
0.4240200218527903
0.5641599327387596
0.39120621830718516
0.26084827296662416
0.5152736326867817
0.29188267400236256
0.33344848686849904
0.3867286422873075
0.4089332492437492
0.6848860275741209
0.5161891148539108
0.2606674130690909
0.27838714483476723
0.04659730214076241
0.2638267297817052
0.30727539731172215
0.36814776997711585
0.24183553633460964
0.1444017689631556
0.03156597202999212
-0.31692038943661405
0.2427201470509035
0.1564499873575378
0.3097398556113429
0.21241296286045985
0.022523988504145276
0.5807424797202791
0.5597590186035752
0.5783757853141156
0.05424779378067068
-0.026783267156667234
-0.06942392450673984
0.17371360172382477
-0.13747042817088984
-0.11551370452361054
-0.49057870281368643
-0.8144466334772373
-0.3040158174799019
0.01678593697633146
-0.5644029514606065
-0.09115962255149745
-0.013876691006778907
0.4316718216929334
-0.21223594312009286
0.10704934711743164
0.5010026359004216
0.6640445973950362
0.4943046459045184
0.5206275006667118
0.6926554855737921
0.6477532813363287
0.3332922265423657
0.6974365022027624
0.9080763891538184
0.9537126919385983
0.8279480873167588
0.8010876872630126
0.9123200914881768
0.9495571665529794
0.8395211158736031
0.5923791821341051
0.7162037113705111
0.04098981216952602
0.299980807675029
0.46099627952608735
0.4337672039458491
0.5594469380193781
0.4852115480864201
0.48125593430408475
0.6363380939874657
0.8046463131973329
0.5497051508914677
0.6268698795050462
0.7949414440407048
0.8711404475248594
0.8762206151673286
0.8958755584982034
0.7440635414500403
0.8394109835477099
0.678606651543239
0.9041720680683665
-0.2673753040254774
-0.5968298823068796
-0.5090527938939764
-0.4846935458040892
-0.2590100921504662
-0.18583741701484335
0.06051836975978797
0.2325892869724253
-0.09371325870886027
-0.26517264385873496
0.15235251680849116
0.06171427079680414
0.08369406024479886
0.34664371790446924
0.5772856918972009
0.7843442551076447
0.4148690040294274
0.8487827462094963
1.0569935318977461
0.9476201662390706
0.920151028431166
0.8614165175747046
1.0907409895491358
0.6825860877047789
0.7172298244620443
1.1769278248473967
0.6512154788782274
0.8615042418438734
-0.9825414571247372
-1.036652364914021
0.45122548410344976
0.7522988604926333
-1.1350205486589091
0.5200977787755487
0.42392193758369734
0.6264745907705556
-2.6672316677749066
-2.5439816835700184
-1.3986689169163964
-1.5568354721244488
-2.131531880731012
-2.254384761846346
-2.5776727261489194
-2.178372244817902
-2.194060861092015
-1.906872100609033
-2.4516666608404027
-2.4983184983731217
-1.8671315803039603
-0.3226958898279165
0.047496742073644516
-0.30608112064529525
0.08261317660176326
0.37459203216701065
0.38848041257573485
0.7153151868619745
0.8093572122890218
0.995272057225264
0.8040846439426272
0.5671184383120975
1.1554668547403155
1.1139511672892635
0.8964633746007618
0.7393248212682608
0.9675040359875098
0.49326409234092594
1.0069637228196084
0.6601995117253274
1.0855960477540196
1.1083738782871202
-0.038105607150753285
0.7172111638235146
0.722338790183386
0.7781176112030064
0.03655649464052768
0.603743023283581
0.43001384341664917
0.56470329338614
0.7310714013738677
0.6005949308040259
0.45287423455249676
0.553713241662336
0.28143399111845824
0.012653016660912897
0.3018516834930862
-0.7152125827376309
0.03740851119739763
-0.2101455630850737
0.028603063714913723
0.15041307585081642
-0.35167051496632606
-0.4099047816460415
0.007111717824086927
-0.23672891892547987
-0.21159143668749825
-0.267796303094439
-0.9121100300207423
-1.9776661417126333
-1.13329527383878
-0.16766247580665183
0.08961678586000943
-0.08215982414258272
0.2003012549940606
0.25412993232517733
0.20665568234612075
0.2920875974562256
0.3121471089639303
0.6500317114489795
0.9056702074432974
-0.3518472096689732
-2.3573775128804684
-0.4750180306884144
0.6721801791292681
0.5272763471110493
0.8122434087074359
0.47084183045461625
0.0034208597618770042
-0.1840652994325076
-1.3373500826491103
-2.042383975434843
-1.606537526710503
-0.917320320235039
-0.6624698318084381
-0.878895629516216
-0.1467115346976282
0.06603775383732069
0.14971383255095505
0.3645664074589332
0.22218279136067753
-0.8510638835118635
-1.7804071802624644
-1.7187492528746546
-1.2272383659447406
-0.7196400920782641
-0.1415719498085506
-0.6415813777496665
-0.24884243361473457
0.42100993994924996
0.7446391950054876
0.19147975238070236
0.4218527737547828
-1.0635392335086764
-0.052773520488519576
0.24212078169027906
0.5275154409962006
-0.2667651799760574
0.17301242921933513
0.3845393492268876
0.6721406699147261
0.877127219943636
0.26736688393112007
-0.33605583429959496
1.09397388857044
1.197878286276417
0.705805175811582
0.549065208225499
0.016592700943393934
0.8148526081762437
0.08769546032903852
0.28127304135090725
0.17990166373884242
-0.15586629447961364
-0.348016158358483
0.22577343782313308
-0.2755032752598927
-0.5317455950403202
-0.7703003916776117
-0.1550184255760172
-0.7429122004634201
-0.5991399086903616
-0.77565110111407
-0.4249517673366484
-0.9140664683884003
-0.27108750978220597
-0.055895674573194665
0.09493297197303141
-1.1610419451679486
-0.13866553824044647
-0.3145154041051552
0.46245630083013234
0.7025622098543787
0.21374572343579845
0.4573412519964428
0.43503785523825034
0.7040450694529943
0.7985398142608857
0.7525478321558889
0.401174342187816
0.6688909610930263
0.0813113663003524
-0.5273003258206456
-1.3894889946815545
-2.078423044956439
-1.4168791280206696
-2.6445626758737077
-0.6484647083288072
-2.6042080880945715
-1.7938880296170927
-0.48940098226349493
-0.5914673663204605
-0.1623797615387088
0.22393526067777358
0.2477988552982544
0.4212971228627145
0.3710798805859805
0.4238989857750217
0.32993449104038586
0.03392089791246411
0.2402834834437857
0.49124648852289265
0.5929066144329944
0.7411883436950615
0.1964638770758418
-2.6345845751464676
-0.7822446548753089
-0.274097003238136
-2.681617741465345
-0.5946733836108415
-0.08808693563234127
-0.0008372105285212594
-0.04036775131193382
-0.20740485179676327
-0.25975860045922483
0.06951832808608294
0.2565934573064901
0.28028280065524624
0.15627378167575623
0.23437550025118536
0.2368535546545225
0.6300995130345521
0.6390779584289492
0.32309175918216315
0.6882230674230359
0.8039069894175856
0.3104356690744776
0.5619927375429883
0.28027792823944053
0.3216937037910217
0.11900488409013965
0.4712977881370246
0.6760919433761547
-0.5386618543659452
-0.4175430979072955
0.14699289110887293
-0.4934370458599515
-0.2555584686787944
0.8066015889056475
0.9046815406223976
-0.37005158764084456
0.18788777242251808
0.5786105460831776
0.11619594933866972
0.7252881039133463
0.6580400130591351
0.39889436931630495
0.027809102560831356
0.851057421752694
1.4256314909343146
0.10365712111223613
0.5263183471567987
0.8282312449413984
0.8650083103136539
0.9741542645986776
0.7204105177454867
1.0083132654886282
0.8683335635073202
0.2373577755357612
-0.1805883111713289
0.25470920092498917
0.5408567335033654
0.6793915342983077
0.7425557859232166
0.3124745421103303
0.757122243002702
0.9826377900085785
0.6180250589866598
0.7915919316130107
0.6992997904380762
0.38687720842543705
0.4758707691369224
0.41645989282649376
0.6413687930892684
-0.2188732501955778
0.2974195542501854
0.7201980877835477
0.6103281225129922
0.4773914390161891
0.09141259579700933
-0.5259195272146742
-0.14027050109506867
0.15341911561102117
0.46701863244890873
-0.15419758769230674
0.05910100717416844
-0.06501252064888252
-0.3549887246157285
-2.004457646219837
-1.3651522740312005
-0.4579057140263687
-0.10770152647675157
0.28294279353382423
0.07725214881508036
-0.49884935852207046
-0.29206477078206006
-0.12028391852183629
-0.14438883197325914
-1.7245023502396124
-0.29192155824071353
0.14805452128667218
0.1345022424554596
-1.12524574276903
-1.1737394839364512
-1.258256593616126
-0.9273742930455702
-0.7248023735722302
-1.488443967234322
-2.0972535943377033
-2.094458245274436
-1.7730200280799995
-1.6207787321188145
-0.7585730781520253
-0.3206755665496639
-0.1279011907437302
-0.5393793465115868
-0.3705994172563196
-1.1892826169634891
-0.6394394098661743
0.1884207816963399
-0.49140408653918766
-0.4331856070452682
-0.10350127862948622
0.06952645525770418
0.504292446156432
0.3286806294603224
-0.41736168996634404
-0.0619493156279225
0.4239237125166122
0.6617119800209279
0.7558155449090664
0.930340623388997
0.7724093495474644
0.999640182382612
0.8503182522198229
0.44787358693708246
0.5353316153825207
0.3418948757316371
0.26860441225641507
-1.2574338643908856
-1.7347556619281161
-0.9589676119823494
-1.0779432994459073
-1.5218474222349008
-1.059463058950803
-0.2288245455578316
-0.9482150477133537
-0.5287539227468283
-0.5049240600211061
-0.5840117407050822
-2.016369507869684
-1.187393440301901
-0.6395804416889463
-0.2509686944113728
-0.18609364922245497
-1.6400223252220079
-1.4831778038403356
-1.590704697720455
-2.123675315977196
-2.3750393067798004
-1.6971887408823745
-2.4753590243643093
-2.0779649609382393
-1.3431495071328676
0.020654054972329083
0.1891732031342095
-0.07115417066484375
-0.232637513815799
0.24599390263264964
-0.1374679377999155
0.03497969099009346
0.4547007454515244
0.43354357990919157
0.2764750647189369
0.5673233856794777
0.24927378750151652
0.46998487789653876
0.44147656065241847
0.3533106769852017
0.545775646458015
0.1955559790822845
-1.3264008531231162
-0.7422643983555577
-0.4564530721050609
-0.0015739016559148666
0.05499982542642767
-0.9553198256164458
-0.553738233429899
0.37586478294229964
-0.1295225755603262
0.6002890431281536
0.8277085928121362
-0.19255368134227213
0.5152672060851766
0.5302613135074781
0.7368809908834955
0.8861384657636111
0.8852991973379343
0.8786265059539162
0.6725244692195511
0.6668760061746783
0.4045178394395892
-0.411198339273411
-1.7429223931894313
-0.9144858820681566
0.2532072839824706
0.6739252489407859
-1.664180791711788
-0.7715263894439661
-0.5219165943869839
0.07095664353975883
0.3296577529361766
0.3151022615553756
-1.8522957509739206
-2.2821282015047135
-0.7813958761417246
-1.7461556447558
-1.5028061121876193
-1.9609809880602802
-2.36055490392283
-1.5593913784299762
-0.9107685741541964
-1.0777534132537778
-0.4328958314038366
0.2097096591883103
0.18075788314299523
-0.1559958999356974
0.20128318473070506
0.4172635979126127
-1.4393527298982989
-0.5128366414593712
-0.3231353409822675
-0.3910945233191244
-0.8353315640617873
-2.4438015534611632
-2.1373335900844714
-2.501100028896487
-1.9006608121570732
-1.016982022222481
-0.340221460492516
-0.5257375831036966
-2.1940750139973018
-1.1698396845323478
-0.4170816119157271
-0.2856040908498245
-0.0352989271800892
0.18900177325025225
-0.2625929335902484
-0.9800166060916924
-0.8587351248099303
0.06402944651558151
0.3787273055947986
0.04242896450534772
0.19883842191351153
-0.26526754304153854
0.09482148923211797
-0.13480126513823576
-0.00599947780120802
-0.29645418789622946
-0.6294952960560689
-1.831566509724027
-2.4404393224409184
-2.1078719534828108
-2.5715170073729157
-1.6367800665675394
-1.2367719345257455
-2.05459121432922
-2.2233232411417427
-1.2466340996827814
-2.100713245871075
-2.501776826581049
-1.7630536918097413
-1.9243459133337266
-1.4127474967530882
-0.21624577869126427
-0.8521507906314739
-0.3438436896862297
-0.15707249471651918
-0.8393500434880299
0.15297503455826478
-0.14877733219907174
0.44712360977094523
0.704513071162101
0.6467184469117666
0.2663633207531486
0.005726295504240531
-1.3402864409252686
-0.26871823348088186
-0.02779485270079718
0.14340927123929736
0.014465722484823473
-0.38910844175667714
-1.0094702105867697
-1.7223648407237278
-1.3120614675140627
-1.251137929972616
-1.218208831855014
-1.0667892487839716
-1.816144439679646
-2.465406958526388
-2.212200757930633
-1.4726802579284621
-0.6101277881857932
-0.5648081190064713
-1.6591059115233977
-1.138683910690796
-2.118850952282039
-1.6719015898075236
-1.8604833498465991
-1.1244269576066246
-1.6049842311554983
-1.9749275232799843
-1.6950221993936525
-1.8379196446770272
-0.29803529608446366
0.1574036329990247
0.4112157596976207
0.3878803478975872
0.273189470926124
0.26205221944904133
0.3076877643753848
0.055007628036538136
0.2594840333151247
-0.6680622387492576
-2.2104969890783837
-1.4728707236953709
-1.1684189334628017
-1.2269337282434687
-1.2255433283559791
-0.9512978471746268
-0.5877912109225114
-1.0631517712783243
-1.0637478302570123
-1.587510133488191
-2.202204205294951
-2.759395611496365
-2.792512497831141
-2.2599408959534633
-1.296139953028955
-0.552817459664943
-0.00693854797405602
-0.2532469086934125
0.09416731857073701
0.22774442228558955
-0.35695422791009934
0.10495089326948248
-0.03073548948909277
0.5642677046624351
0.24359977378963737
0.5273850773386068
0.06690636340807266
0.4668237685186103
0.535428934011017
0.06113005358593404
0.32842843032587377
0.39186659605496343
0.4486355534461528
-0.4360274474207596
-0.12904369565593288
0.19074855245852174
0.2528178005302646
0.3605882575162829
0.4740899776446734
0.013740130672687423
-0.3517874707306644
-0.438405277545991
-0.4452184426997621
-0.7721421905982424
-0.5121769366327091
0.24774402456515654
0.4638244931537834
-0.2749871746286504
-0.40750651411033156
-1.925343479447578
-0.1895092181265412
-0.1627392199094313
0.11089346857823745
0.14334928391683088
-0.032278058305838186
-0.5053495635402233
-0.49033708506024465
-0.6182083294494201
-0.009988992670394214
-0.19934299476089445
-0.004805256543033654
0.28491608249181843
0.43944215123180164
0.38194999147686026
0.2736129773486997
0.324296816640389
0.21266125865306584
0.141849789902444
0.0524568085076762
0.20310374146023014
0.2386738161088675
0.35215562994134153
0.16690893843115573
-0.3933746520215081
0.15559789385632516
0.39701182179461014
0.2223142436902119
0.1721491490972471
0.10326148157036119
0.4994540567083716
-0.034287775027430634
0.14304454129176625
0.24481638418659823
0.12189145916394484
-0.8309725732674692
-0.16611721459137163
-0.18221214206495784
0.022302271316430478
0.02731969243626997
0.026359883548767726
0.03627976330008176
0.07646651592619325
-0.037120274929595354
-0.4473554163071931
-0.6531998068473557
-0.20074266984713152
-0.8871782284337221
0.030037281150235184
0.6409730231138542
0.46081893903204274
-0.2995438196322442
-0.4305724617874571
-1.2437644668093746
-0.26582746080314656
-0.028524876117376863
0.1904855784886763
0.0045940596526234945
0.22324427760585674
-0.24839528576842063
-1.8958845062100464
-1.4289088889496955
-0.5454119796280185
0.22165890668022237
0.10504031237211464
0.3533175817486991
0.09053769257975963
-0.10084979375645142
-0.195258694334433
-0.02016114099994315
0.11898776408877332
0.05902069517425179
-0.6119900496713262
-1.2098069636671633
-0.16973339265808995
-0.20661112398663062
0.04629653136169476
0.013522902732982622
-0.2441698152858065
-0.1143442353803481
-0.15699988119140462
-2.2327205085787147
-2.1098473993782227
-1.5016146909847592
-0.36734625142752386
-0.15979250778122145
-0.3370491492821822
0.26863853499978996
0.40283987079574457
0.4827449623074942
0.09903061890637455
-0.4468159702329204
-0.601505819726168
-0.2542890148852748
-0.6780217875044984
-2.1798184266790184
-1.5067085526415007
-1.2444899255029562
-1.0175797477719484
-1.593629079189812
-2.4594437911614753
-1.599406866473303
-2.199442904045987
-2.22303213830876
-1.1229954979160337
-0.3881689433309321
0.00721771355382872
0.11003486784127148
0.24935713444084673
0.1577941268380154
0.11261646254935487
-0.906193352503438
-0.7177556027021462
-0.0758504406413194
-0.13122406757812177
-0.5129297604621399
-2.0515817292312737
-1.3889112685381182
-0.07431707009916222
0.1793395716421533
0.45256852703357775
0.4692319938037435
0.31008260249334496
0.6282112223436624
0.7198791804912616
0.8814414325128634
0.7919843725519713
0.37734806920166397
0.6148019370642879
0.588044642065491
0.8416153137798528
0.06120910204607366
0.3751547696645914
0.4553708365481475
0.5517460391907001
0.3446701118101607
0.30720225404951274
0.21214650897785292
0.4367419046358696
0.3786860563552499
0.09626908811519552
0.44881931087364624
0.003471743403136829
0.18888779685816748
0.26722589253014295
0.05868547861624851
0.3984109451812685
0.6181908815674411
0.5297238055902005
0.08275757247662052
-0.4394579346941411
-0.12453227498274311
-0.5588966869585208
-2.3495654258488963
-2.4027611667980375
-1.2069182939492826
-1.3145339460042336
-2.3261989985164657
-2.193256244809162
-0.866369323204351
0.03490076195675762
-0.12112052424995956
0.22975977132576286
0.24329431891230824
0.2113422179799498
0.20320593567148348
-0.9093591880685516
-0.6987279811698004
-0.04303987685304422
-0.10398636492367563
-0.3734434754643303
-0.117758063022531
-0.6982355996306804
0.01050228720243318
0.08551226521863087
-0.8276279091933543
-1.5997396579869432
-0.8708866929332282
0.21346517461101921
0.19727077181776798
0.3972440187260591
0.7203281460447606
0.8317680408075021
0.3377281304364397
-1.0321589027423577
-0.4349834628565955
0.06356391692683738
-1.164763097457209
-0.40108854053559273
0.13487699735222458
-0.09616181774651089
0.3110987425088787
0.21438179210350294
0.2025571166251381
0.42917799473484
0.2857443867406251
0.33182513321649254
-0.005770479060495326
0.3690637090401001
0.10369306659061395
0.17512990074435608
-0.028675256013918737
0.21040673852609237
0.16290020987853127
-1.5463049554851485
-2.4661213489294918
-2.530436072447504
-1.120849966909545
-1.1554660993031498
-0.22416932230876907
-0.29891429228517374
0.02689824566087262
0.02714096440008218
0.12645604089770934
-0.09819370873402233
0.08041720244295503
0.038554014052840424
0.08052917585644259
-0.8505078822104708
-0.3382754204506524
-0.5184870798821308
-1.3526688064687704
-2.1365458005368505
-1.0706222052293162
-0.26337745829248593
-0.6530299109573526
-0.5269291653104134
-1.9512493764984313
-2.0534025042466566
-1.682642384092841
-0.6475154515174333
-0.6934761485620543
-0.25837699107732703
-0.5477646140844056
-0.6655411034652016
-0.26045417022366457
-0.006962828282778943
0.08739175903566321
-0.04051146981304199
-1.4142642510899466
-0.4795934821965415
0.1155719594118918
0.12845380642337956
0.2681325319963834
-0.07748791564040203
-0.5394277255919294
-0.6988990303248795
-1.0181178112117166
-0.7843027821928539
-0.8221893645651106
-0.5833195308640668
-0.5967582304619286
-0.061392983995954165
-0.1561201722369785
0.28945937190195226
0.6833318672009394
0.5633265549379947
0.713474148136056
0.5130289296688262
0.5719399591415075
0.3563324171185789
0.11276639141445433
0.05473056816745414
0.36836116183733303
-0.07623723915348268
0.3116250246794037
0.19784821350477189
0.3249740692280674
0.6512111400632827
0.548400526407983
-1.1540384563598707
-1.3751057662954258
-0.040709057488399036
-1.11902232587287
-1.2428850516413208
-0.4018330844199993
-1.07100877997646
-0.6834927522017766
-0.060200086896364136
-0.135032255605134
-0.2493268306096209
-0.8018967719331891
-1.1556768722227146
-1.0093178114628547
-1.872748714807628
-1.9824671614971494
-1.5659884405786153
-0.15481569555473707
0.1781156300764457
0.12252905610562981
0.25678451480626685
0.3556184841281902
0.5228329791606292
0.45581254530238624
0.005348488046561073
-0.8778913047373262
-0.13300854390292138
0.1850154598828082
0.10782099340776474
0.11168350371244573
-0.7713431590248782
-0.18669323526603
-0.25594955841623224
0.2287712677924265
0.4353704334583566
0.062262064553853635
0.41915115349147825
0.25294082892610836
0.3200329477268733
-0.05041164654156005
-0.7904971676894352
-0.7720273182151525
-0.9734686775682783
-0.3838262028581937
-0.05468223364743152
0.4503263134502409
0.10643274612535114
0.5260255462561714
0.7589995808742236
0.9104313075759101
0.720402635424854
0.9009148526276669
0.9735611563276589
-0.37696341292622926
0.6056265645968704
0.4955953253756329
0.6444889679086923
0.15443897210415436
0.08863626416367199
0.32478913064537895
0.10299209593064362
-0.021243952158872315
-0.11705305343751204
-0.05293720554813186
-2.1169716169772497
-1.6321681864730808
-0.5445416595544234
-0.3415444966477843
0.07898340476791965
0.31795345002889697
0.3434886589460544
-1.0221027194222942
-2.0796636791349767
-1.1804672219917265
-1.7747623991322559
-2.0996412800042643
-0.8884602299252448
0.043405125878511086
0.37086153921401377
0.19843354146221115
0.11313163750798338
-0.6535081993896533
-0.10845933929695195
0.12155791262798266
0.038778867548549645
0.07466450829330551
0.2833241910788451
0.47851853684103185
0.12216707935009552
-0.18933557976554183
-0.010521470891646345
-0.8739023913177096
-0.10431163002704036
0.06982779256805616
-0.365607925589843
-0.4977989057105179
0.09740586800359541
0.2769158428720324
0.19315154467652818
-0.7443663414123473
-0.8531121384957705
0.42304345109950603
0.6226439468931555
-0.480109499456978
-0.38293618222091763
-0.048595833226379836
0.5128266491591105
0.5079496764118687
0.2897980691544344
-0.8177838188209752
-0.2531439562366128
-0.18035226285953287
-0.2770175884065085
-1.3281137727073558
-0.3947839475038175
-0.33489352408582085
0.11155136230061524
-0.09160918940155272
-0.750906974927001
-1.6935570920642729
-0.22266990217223315
0.17541915892226667
0.19987673626433078
0.2751635543506017
0.574847878522089
0.941328512928119
-0.3885632199038702
0.2790715608517147
-0.5884378412636969
0.08653485140820405
-0.3514804436468212
0.5099634263850599
0.31521245389803454
-0.5320058381702226
-0.023292319684432572
0.09130195731344215
-0.013809763859531365
0.23420497499336346
-0.3813458678170011
0.7206401739955821
0.8673589587380683
-0.20729075684203657
-0.47188229230809864
-0.9806215027609737
-0.9138144002771053
-0.7344468929589434
-0.8717320945576978
-0.14271569958410346
0.017648432298950745
0.21861206043833836
0.24484770853325344
0.12401621098826077
-0.2656296049045732
0.3334436720821501
0.29102340119557346
-0.12010958838657926
0.3801376743683802
-0.05271231321251002
0.5099944414181499
0.039160647971711926
0.5248995864523833
-0.253666086453331
-0.48134379566597474
0.013542146676436051
0.06243563304169264
0.0940755091009271
-0.3157615876889398
-0.5907254044171962
-0.2858428378938844
0.1936655990616598
0.347697136432328
0.6945172542888642
0.5830591157646119
0.21932041242035671
0.5629748859616694
0.526225742965555
1.0117727410376878
0.5025102919693691
0.5767690953821509
-0.8681756619719654
-0.08233867784979321
-0.6775181843030791
-0.1745000912268193
0.20068203123850625
0.33085018966471225
-0.227353028686481
-0.696597328298739
-2.0222195900621815
-1.0120588108084052
-0.11816736771483938
-0.2011590145522435
-0.050448882479968704
0.04028566854810012
-0.23380832186457967
-0.22855920993005296
-0.10241929971318542
0.08115014285873068
-0.29193939227287813
0.38428784169432184
0.15040687807387476
0.8529937914666301
0.8414715692213752
0.8776109177524725
0.8998430734899272
-0.14832727008356628
-0.32459853966692087
-0.22390417270922236
-0.15474675121253756
-0.31346716292847454
0.26974965270659323
0.558440419023277
0.8382901272251471
0.8899038192527979
0.8093098379681511
0.7997840971452854
0.27219876465211423
0.6303889707277532
0.5729893757235303
0.37049933828364345
0.1236759077117715
0.19894797991092217
0.07978496757210674
0.11356271688976616
0.314297929190404
-0.5541749198988649
-0.18790352534708088
0.05720811644974799
-0.3842967731375293
-0.5642782160904355
-0.551190547636847
-0.20614291523758554
-0.6929881496529249
-0.2680033259397562
-0.11512848809848286
0.07540751317643046
-0.015951711768585897
-0.09545941286531834
-0.11848486781440792
0.019497272702654556
-0.5666015790049436
-1.295708838936384
-1.8866608155780664
-1.1849240838425918
-0.97842284893298
-0.5723649126159248
-0.47137215974403235
-0.7110598676091611
-0.9240482382836648
-0.9923982228151297
-0.5039725687505714
-0.30228575587844064
-0.1713093206686218
0.10147890998624098
-0.2774044439851634
-0.11244502947328039
-0.1082939342550775
-0.7511669629226315
-0.6968772442354139
-0.5296620798640705
0.20329523659233617
0.21793156029645688
0.2595504442887857
0.2965388724635398
0.3957804157116822
0.0353063993032765
0.37769063493143706
0.2808883578955319
0.4815604256259489
0.5732114032371645
0.2448481321747047
0.32142877248867174
0.37851212351137975
0.2501413061785911
-0.2759484820096265
-0.3199217964024901
-0.055449179487470746
-0.27718564435934745
-0.22466426797502714
-0.26441170483804166
-1.6567081902924978
-1.9047930140363616
-2.262756415279493
-2.344751641153599
-2.336880074571508
-2.4121274746384307
-1.6727739135678958
-0.6734855302288085
0.016974750716181486
0.13338801254331667
0.34412677474643694
0.23369734548308063
0.32470317451683606
0.3817111369799475
0.450033465183695
0.34914958398076124
0.1993986182263887
0.2075151058725857
0.10998596379974446
0.3994139502982983
-0.15226062767179926
-0.0881443819461043
0.3848937211297594
0.26120714574445314
0.15389569872515674
-0.4093680342619135
-0.17148523773400304
0.06946815978598764
0.4014831755750483
0.4361142409107064
0.550218300989088
0.7013536492113113
0.5182683021375893
0.43254348395151854
0.6083783171659953
0.5292651621240934
0.1565204478933877
-1.2160659930877702
-1.2160659930440825
-1.2160664650354682
-1.2160659940972547
-1.2160660698532946
-1.216065994952615
-1.2160846060092736
-1.216066049795009
-1.2160665553220193
-1.2161732634100462
-1.2160711799746555
-1.2176975398801855
-1.2323208219150963
-1.2208850435233425
-1.219912022118817
-1.2160738439341354
-1.2160661251647393
-1.2160918837722077
-1.2160909619006475
-1.2160939708739942
-1.2162648571219514
-1.2189146394312267
-1.2160663117258232
-1.21606603215816
-1.2193198840048616
-1.216066951946186
-1.2181282759980019
-1.2199877219066808
-1.2160679778272578
-1.2413835602283956
-1.2168989458312567
-1.2160660160510168
-1.2160659931693094
-1.216065996674327
-1.2160662766608201
-1.216066004758824
-1.2162864619971843
-1.2168061611567738
-1.2161309347310143
-1.216165763634861
-1.2172290908247365
-1.216083988616635
-1.2160661146608225
-1.2160660415076017
-1.2160660420405005
-1.216066011302582
-1.216066003688219
-1.216066001220399
-1.2160664604783995
-1.2160707965504614
-1.2160822469575394
-1.2160695399882944
-1.216066211769103
-1.2160674588860618
-1.2564919220628308
-1.391671057999563
-1.2183095059129272
-1.2160671428849383
-1.2163152144104954
-1.2161039463095626
-1.2160661278565403
-1.2160660462470232
-1.2160660000929806
-1.216065996360206
-1.2160660341185578
-1.2162400742527328
-1.2274795369595162
-1.2160705163840846
-1.2160665595207036
-1.2188536510466594
-1.2226994310471373
-1.2440233574529806
-1.3525596791179961
-1.4191284472802919
-1.227206940843241
-1.2308369045047893
-1.2321213983445307
-1.2190424906820014
-1.2164048857438452
-1.2160714775566468
-1.2160661087942377
-1.2161566422649206
-1.2164341019138254
-1.228039892562738
-1.2166161096882313
-1.2194688338848392
-1.2160740119010258
-1.2160688535687438
-1.2162950875175604
-1.2160663497204396
-1.2183509832655497
-1.216067426463304
-1.2160660087040362
-1.2167524480332816
-1.2182584082123968
-1.2167284201675914
-1.2161251001975018
-1.2170627256087356
-1.2702149970427163
-1.2226806691965608
-1.2168821203771283
-1.2160882263425115
-1.2161175495447663
-1.2160661779100848
-1.2160710170861972
-1.2160739525139994
-1.2206229111291234
-1.2160681156058741
-1.2160661138830553
-1.2160659962388325
-1.2160659956594
-1.216069263678928
-1.2188652216145306
-1.2454014556529651
-1.2160660176266875
-1.2160735852697337
-1.2160659930437894
-1.2160659930437894
-1.2160659930437894
-1.2160659930437976
-1.2160659930437894
-1.2160659930443811
-1.2160659930437996
-1.216066012895284
-1.216065993088541
-1.2160659930437894
-1.2160659930437894
-1.2160659930437894
-1.2160659930437894
-1.2160659930437894
-1.2160659930446949
-1.2160659930437894
-1.2160659930437914
-1.2160659930466269
-1.2160659963347318
-1.2160660604768125
-1.2164482535755732
-1.2160677753415765
-1.2164334686282638
-1.2167109977783932
-1.2160804407799755
-1.21606599311963
-1.2160659930497897
-1.2160659930438047
-1.2160659930796827
-1.2160659930438396
-1.2160659930437894
-1.2160659930438027
-1.2160659931674676
-1.2160659948757615
-1.2160661278826943
-1.2160663518276789
-1.2160659930722317
-1.2160659972086896
-1.2160668790530154
-1.2160662195169492
-1.216078545529526
-1.2171876044996255
-1.2162239561603618
-1.2160693970520804
-1.2160660146163056
-1.2160692209748711
-1.2162230773798106
-1.2161329860415901
-1.216065993268125
-1.2160659930557265
-1.216065993070379
-1.2160660201453328
-1.216077714387439
-1.2160659930456255
-1.216065993102154
-1.216065993044354
-1.2160659930818012
-1.2160659930458209
-1.2160659930437994
-1.2160659930437896
-1.2160659930472795
-1.2160659930437894
-1.2160659930437894
-1.2160659930437894
-1.2160659930437894
-1.2160659930437894
-1.2160659930437894
-1.21606599304379
-1.2160659930438027
-1.2160660438193267
-1.216065993217129
-1.2160665742079977
-1.2160660601931084
-1.21606677850485
-1.2160660504476588
-1.2160660090744644
-1.2160659930452369
-1.2160659941635394
-1.2160661702763935
-1.2160664537207448
-1.2162162604346083
-1.2160705530424794
-1.2160660061549717
-1.2160682761258315
-1.2160666332034555
-1.2160739673023344
-1.2160670125486548
-1.2160660431954349
-1.2160660214954868
-1.2160661053017634
-1.2160660309964948
-1.2160664175213982
-1.21606605142635
-1.2160664342312415
-1.2160661500426504
-1.2160663204836035
-1.2160673551799468
-1.2175350936788427
-1.2344983086771928
-1.3675934228084565
-1.2213947115520034
-1.2298961038430576
-1.2189051387584287
-1.2162016278836896
-1.2160800139439596
-1.216081676765901
-1.2160662904884547
-1.2160675368554543
-1.216066021650235
-1.2160661198409162
-1.2160676101178205
-1.216066480001905
-1.216073289402461
-1.2160751334637099
-1.216066964753555
-1.2160676454495656
-1.216084371306078
-1.216148792656269
-1.2160671828669556
-1.2195873597864757
-1.2163088755167468
-1.21607653450451
-1.2160714096773908
-1.2162359095580424
-1.216148186264725
-1.21612795478542
-1.216089522730653
-1.2160822400852556
-1.2160715388271934
-1.2160755440049358
-1.2160668786149724
-1.2160686503551101
-1.2167044495309978
-1.2161463016342595
-1.2762860569050147
-1.2213886393479463
-1.2162168343133193
-1.2160713333876176
-1.2160664745796614
-1.2160665670348714
-1.2160676064472726
-1.2162434436119256
-1.2161023679867613
-1.2160663638040918
-1.216068463861732
-1.216157009499871
-1.2164426835845594
-1.2235952613731595
-1.4131651943659969
-1.6965713144420618
-1.2204438781634939
-1.2160767550348186
-1.216071421486711
-1.2189686939355993
-1.5566658492262158
-1.2160659930437894
-1.2160659930437894
-1.2160659930437894
-1.2160659930437894
-1.2160659930437894
-1.2160659930437894
-1.2160659930437894
-1.2160659930437894
-1.2160659930437894
-1.2160659930437894
-1.2160659930437894
-1.2160659930437894
-1.2160659930437894
-1.2160659930437894
-1.2160660751859518
-1.216206179108996
-1.2155965313468367
-1.2017474911108568
-1.185383991958108
-1.1471327176863517
-1.0395324207059216
-1.118905590568461
-1.0442213413445292
-1.0525076986564859
-1.7881006931614847
-1.8954576136263843
-1.7058227589805628
-1.4398806741663945
-1.2697071953999828
-1.186953818529322
-0.9997874461588574
-0.8657589428299528
-0.7212967509901091
-0.5186142834213743
-0.5099761629574762
-0.37162666978345893
-0.5572315494450399
-0.10502143439008726
0.04011253078394317
-0.682623258633799
-0.9959036673511642
-1.6319979100928563
-2.0874508528953837
-1.9671084679365052
-2.3131844130689627
-2.2616679091754857
-1.8449170811593674
-1.707210000405873
-1.7537240509813592
-1.632512443887788
-0.542477801010768
-0.7123221520867703
-0.12323448616041954
-0.4920739232475817
-0.6583776547166924
-0.5320374556515075
-0.6905848078640422
-0.8399362474836256
-0.5026159214082921
-0.1321950814732724
-0.14044070175132406
-0.08265272866180595
-0.37646340087399077
-0.9980899154197097
0.08943230287054882
0.11216101264868317
0.6252299025682855
0.6752243005461267
0.7691018838842294
0.7210811517233
0.8718824922226731
0.8445364639001043
1.0110908413455353
0.9511845592416344
0.8841355184486757
0.885098139257372
0.8608360283131566
0.9276121359459695
0.9723642673685489
1.0337675751072863
0.8411066020656657
0.38193417790019724
1.1574008152626667
1.0372228722750978
1.3708248564378915
0.955676028296836
1.5320814907186175
1.218882585688263
1.1117542850202216
1.0179790511776794
0.9712419310237279
1.0882902104913117
1.033114288200378
1.0974411707426928
0.560288958457259
0.41827796371361536
-0.6942059494991425
-0.2629875037976941
-0.6843763364433166
-1.3318057440968885
-1.2786027498599122
-1.292367987818421
-1.2591132453182714
-1.1016815951332681
-0.9131968117363688
-0.2605703552491033
-0.3065195547058085
0.01891140699796967
0.16374431519483323
0.10236598017842402
0.48939874560797314
-0.6702309150100503
-0.09206285341694964
-0.8246186767460075
-0.19684257880778722
0.34638509217017566
-0.6606151022274391
-0.9096731173124163
-0.55625127886517
0.6471857910397467
0.7829729575330946
-0.3385861771471541
0.14758610247061
0.07205228215562975
0.8559004540919894
0.7099512401586108
0.9335760875168733
1.028612628388117
0.06166744593788054
0.958878499611362
1.2313911992867586
1.0957773935714963
0.6350634731425049
0.5431732025127225
0.7396562311207209
0.9875755216681541
0.7062158910364871
0.6530706537207314
1.0946923585308563
0.8476963610366561
0.851009118334479
1.1402739107982138
0.8415323942720319
-0.017883161892895405
0.43822467167649926
0.9218711061902582
-1.2861112398547476
-1.3209361094458805
-1.3525684641149947
-0.48380805925750736
-1.1504114987126446
-0.3731269232128911
-0.14882594283467387
-0.12398742891191161
0.7595442979237925
0.23677525376797148
0.8021636193875845
1.0681240606646436
0.9632704137493748
0.11233759027418122
0.2601669814230494
0.12626870049754402
-0.915147019806337
-1.3635429608008611
-2.179396445580494
-1.9663865198711379
-0.4515681232615951
-1.5030725221105452
-1.5578013663642243
-1.2816059312984687
-1.1255636329145224
-1.7854721755988578
-2.294252830503504
-2.0326142402146488
-1.9551154496312928
-1.3468423285926476
-0.5085071276972828
-0.5431206737372638
-0.6381051883625835
-1.0563465439347355
-0.9757708264293439
-0.5418078298250552
0.14481406570075928
0.46426173344363386
0.6442873307172954
0.6276231127137719
0.5365604808979016
0.39422675331768664
0.47344975665000844
0.020008742826537196
0.23772930975646167
-0.45320912896739096
0.13682338485074852
0.24700183101228923
0.023750012991760716
0.4135143373316068
0.6199075990535281
0.8556753784662807
-0.035485446600722614
0.7179078679861299
0.4057927908751491
0.3176307878925122
-0.3204774974191452
-0.09951104022986756
0.07386384748813368
-0.04310282969062951
0.0200837850350033
-1.819738910347001
-1.4739144074228172
-1.79753839965193
-2.2060934278980135
-1.7168119530601729
-1.1335863243186395
-0.8508894626838223
-2.109162667872855
-0.6990923455450457
-1.3931245241994334
-2.0557754514049815
-0.46699693561050426
-0.5326705728225352
-0.8530959902548005
-1.0141632877001474
-1.929014742558059
-1.5623114151338786
-0.4852122876049606
-1.7247769679563025
-2.0662435515073363
-1.7176152924070598
-2.3166057478209123
-2.1902699711341302
-1.018335314512976
-1.960439990403226
-1.058626585574686
-2.3162477294773343
-2.412675230959239
-0.6669295204011789
0.0547043670459062
-0.025364945677884387
0.4012341909757522
0.49968774428876594
0.7186710138162375
-0.6138700454033937
-1.4792027046200955
-0.8544415695579424
0.18604272816521883
0.717034120501594
0.2989202549934682
-1.458900919498383
-0.6122225112668036
0.11388399498295776
0.06275083116735769
0.7919074221176561
0.7122175260876626
0.8749402796242554
0.791374241320812
0.5556263924519214
0.5225340455123406
0.13473341716590492
0.5916498573564872
0.7299011508295279
0.268786311771144
-0.8742035014085925
-0.5894371147941199
0.07287758819820644
-0.1481867060262836
-0.41765052971492267
-0.7494620079973031
-1.5493053845816571
-1.240727373640264
-1.179499080567967
-1.4819005425894178
-0.8731202040774642
-0.37275369369808065
-0.4919888897814916
-1.130518768107804
-1.0054046121156617
-0.8600358687996418
-1.6941956198192345
-0.7954839040107309
0.2795492991461175
0.2280652968518111
0.31781841485006534
0.7454188116776304
0.6330545042121349
0.78592101496367
0.14365487188586368
-0.9677271910825346
-0.28663051601122713
-1.7169252181388934
-2.23188160797628
-2.033819111634047
-0.5032173828456967
-2.235486789502796
-0.18781826134026502
0.3169088664435291
0.6553726235523212
0.6412276224632354
0.3847026854421558
0.6171106258336729
-0.752187469766842
0.271809059773918
0.3979096114959
0.16843889235070675
-1.2449780350683668
-0.5540954208008642
0.3668654199785877
-0.04657708746340017
-1.7707465947391716
-0.8271429797239426
-2.15763433021264
-0.7366743209192022
0.2510757571407507
0.8468720855123983
0.73780137340295
0.578323681960097
-1.1419944488600704
-0.6391483451736419
0.477846192648518
-0.11341427548122507
-2.339173547525675
-0.4166942125513008
-0.5239312891428389
-1.760262798532506
-0.43253712785150156
-0.687225359454516
-1.8462014334999997
-1.8255960820209638
-2.5499750754073496
-1.9077441711830299
-1.376017039672692
-1.7346498837877298
-1.0053495181908692
-1.3011095472059566
-1.558640125023656
-1.6498645596055566
-1.5591334715207328
-0.8523564507824147
-1.2553583712416017
-0.21578878712872185
-0.6503377994116225
-0.05892622285619309
0.03325018501504884
-0.2745907382396803
-0.7744215771831575
-0.39290739448134593
-0.7479571157791213
-1.3037585178646829
-0.5379627022060347
-0.7938048377333953
-0.9878999319011725
-0.649826292678446
-1.2564838255142656
-0.7462838736485022
-0.41282876280541114
0.3058368296937295
0.6215724013151087
0.720602915429343
0.26055801497471687
0.398779608750814
-0.3506467264019364
-0.4805114934951866
-0.3521388873549729
-0.609526330461829
-0.5986614153644255
-0.07395037588619724
-0.04310185112513043
-0.2467596427619061
-0.6929740573211687
-0.5604710353876994
-1.3165135230651737
-1.327431216423212
-1.5382396964263139
-1.9611415035902593
-2.1562425842857067
