0.4014965986830935
0.3706511806654541
0.025636197470082167
0.26234720826490154
0.3740864807830654
0.3630198780600785
-0.005014302701377149
0.3527616074423382
0.048010477375766136
0.3668152628566087
-0.576711282941167
-0.5148035819970546
-0.2066183698652171
0.0852538880020316
-0.054291495200883166
0.05498167764122952
0.28484077935705676
0.3911526218905984
0.42608283657011226
0.7631264587290657
0.6643743817308155
0.7306158322591078
0.9264424653768227
0.8614715124171693
0.9436449445168372
0.7359090248091128
0.9382450459926378
0.5784904277584494
0.5487948491316533
0.3478284799437822
0.3690163805902821
0.7629974389914799
0.4757762853011188
0.5401269272597456
0.6232472371536174
0.3735342200232873
0.7380728062588225
0.5569046573267479
0.5033201198268197
0.5993367534364177
0.7810520024416946
0.9624089197337208
0.7404809090081071
0.4678758318480333
0.590754855330135
0.2967116174929475
0.6464920746988437
0.6778916520517527
0.6555652155774053
0.4417428815210641
0.38793216584574386
0.38798491698007254
-0.030830988557728367
0.36668599328273965
0.25560415073982357
0.40358487215413674
0.5219825825102155
0.25742731225940607
0.8670817008717283
0.66199458934559
0.6399497601151082
0.13706152952943274
0.07515120958536559
0.10534335403633344
0.407638066368475
0.06182375524208872
0.14283310365763102
-0.20508598125046484
-0.46295608921364256
-0.14357478529840872
0.17502656396923177
-0.30423943755983085
0.04631900673794109
0.08757367177622788
0.572963544594247
-0.10714597354662536
0.30943856283689575
0.6577827159494539
0.8397771553238033
0.6660721542190388
0.7347845053162557
0.9665061839115575
1.0552005224873544
0.6508772838309472
0.8806104140907777
1.0302973445227113
1.2607770414106856
1.0031434238467472
1.012942910581411
1.0296734622992463
1.1791569307390959
0.9761329520132479
0.7825112018890495
0.8534200663401191
0.24562806482933397
0.46617898209953845
0.6441439777674548
0.8121533651301641
0.7787435274955058
0.6827074498930822
0.7008088610349262
0.725849894572537
0.9625986249830204
0.7153727969679443
0.9201881331511111
1.1068637542185482
1.2189125425856746
1.0892929597669694
1.1074487857792525
0.9643603289765864
0.9972135520872526
0.7454761751534501
1.02011335082691
-0.14239968074696552
-0.4179925440261134
-0.3057801503146359
-0.2635622959429882
-0.15797185011952575
-0.01914837623409038
0.15367345881312444
0.18583242404570088
-0.007970912949044062
-0.13562430345907006
0.3785620752904387
0.27920151447418273
0.36790740554553747
0.5751537137208208
0.7265865885957282
1.000728737992652
0.6451536520558679
0.9637760061426014
1.3365498828246785
1.1735213031795495
1.1016248687585208
1.1820032646776397
1.3250974092952137
0.8630871070130198
0.6472076212957681
1.354879709027602
0.9591475298100122
1.1597483218736007
-1.0352096148892016
-1.2026780003909634
0.31865203598231784
0.863689630954045
-1.0055341657603805
0.6349432856384031
0.2942757622283455
0.9294317420037327
-1.94977518084238
-2.396364726888598
-1.5634855292073069
-1.261745698476172
-2.1632261978632594
-1.9631307475813151
-2.356829683671612
-2.391044177730975
-2.1744635586441143
-1.8580595599963807
-1.816052057208681
-2.2822640462940447
-1.8315741321690515
-0.7237568011473648
-0.11523636259330183
-0.21998613156294455
0.11762794026814738
0.6085102911456833
0.4972090434933324
0.8776058551678777
0.855522129988238
1.1678564586577949
0.9442336766858249
0.5588774331362988
1.2745514171841386
1.5131101955664414
1.3828053040909398
1.32455934003813
1.5014988031852874
0.657635615320665
1.3066425784300777
0.9806003294416458
1.3168794492388747
1.3415903150609072
0.21474735658603172
0.8522496946967227
0.9805883424685476
1.1896339053375362
0.259274319718677
0.7539888254141452
0.6479040727501048
0.8163677220067634
1.0522240227623838
0.9119078076113868
0.5931953610897341
0.8098316775598663
0.4296858541658902
0.37749053923155695
0.4632459833199941
-0.5503611895331625
-0.10282725336410092
-0.11810829452578919
0.1713830013006764
0.31888790157006797
-0.38330858658656625
-0.16729787188536804
0.33500382089001846
-0.24308829010401967
0.024681159824122667
-0.6958694289076127
-1.045179051940724
-2.054756359047566
-0.6393101235287797
-0.2747566044326951
0.20864620061440708
0.05496771766849273
0.3731541996490423
0.4307294441008057
0.36021036395019845
0.5684356027729932
0.48023861865847206
0.8469696026567642
0.9230767167537189
-0.0811676442089051
-1.9122498298875663
-0.28511613765221033
0.16929699755203587
0.15493110548515976
0.7180449986166718
0.6562087129839845
0.1815357970903536
0.08578583547345853
-1.2143100903719983
-2.119326459209445
-1.6822722591154244
-1.1458123958886117
-0.6963378633681996
-0.28349420160926797
0.11073615370875634
-0.11473188550905189
0.23118407291645127
0.3637835670093311
0.6198303753350826
-0.7454878614791919
-2.1145845076161605
-1.5765020586885399
-1.51962344142177
-1.1561128581213445
-0.5276531155290873
-0.7690757590266748
-0.13890721407474504
0.34984383898831195
0.7606324327841153
0.2876563467908727
0.44876187064806505
-1.0133036012280123
-0.004964254785008726
0.43295752444254576
0.6482794658609831
-0.2969415937923149
-0.018992032979316842
0.1383723776254071
0.49610084739781646
0.8908044409284309
0.37004871747684154
0.23069758146810393
0.8691437635128584
1.0969275943530992
0.6821890302342782
0.6281032920778621
-0.03323166499979624
0.5129671005355542
-0.4967263607343602
-0.048714544434797835
-0.2509464463757458
-0.37045656947168326
-0.5434557209230714
0.13003361345900366
-0.5814247886117723
-0.7728963093565171
-1.052975475158302
-0.37676952033196914
-0.960599530724547
-0.829987863854389
-1.0917352550577415
-0.5879672098026222
-1.0024851616858277
-0.4395895884927823
0.0026894507206608465
0.2416879467616434
-1.4091100640225624
-0.2534544920591003
-0.5249561306931216
0.3530023378513335
0.5560909567498359
0.0558356804214436
0.38613747562467504
0.3142006999383965
0.8184153273183022
0.8440917975361758
0.9461887801125667
0.6261885107022896
0.6675919526454696
0.011988321290315684
-0.7444999081167232
-1.6856125907385302
-1.8978735593658587
-1.3395017042021555
-2.2561028694730996
-0.15233691676595207
-2.1253190699777944
-1.6394211196500037
-0.6226606930894762
-0.5230692751280361
-0.12048006629603669
0.30904170511572315
0.2243818210185372
0.5337737085594539
0.47862077804430336
0.5046806298470111
0.13303147904123513
0.22975098352682533
0.4786622385129241
0.7506952247580182
1.0308940200365249
1.1196540964573756
0.27476057726421266
-1.837764051564867
-0.32092296703501577
-0.41184348154861605
-1.920776886588785
-0.3529791701077611
-0.02273081297761348
0.38475328620654625
0.34868036456823137
-0.12753751764607946
-0.16193950836492255
0.32760497284105317
0.4489383701527364
0.5697503736477078
0.4813964556730078
0.4704852189451679
0.17645425748185894
0.6436288884323403
0.8471334055025678
0.5528220190883587
0.7650666959615616
0.803464056372584
0.7008998615090868
0.44493482005247953
0.3252914390677669
0.3204114477351617
0.14680436370327632
0.3655763605776631
0.21749473987814205
-0.5615479146587476
-0.29816562168863736
-0.16803494922124673
-0.4426930801554116
-0.3452903756175176
0.561743118195105
0.872115566085473
-0.24912356913577816
0.05001682937839613
0.5620655725951192
0.2832940276799726
0.914294450950819
0.7617301904445634
0.45966019204608577
0.023771311725329203
0.5613658265774334
0.9260605765078643
0.319478342295474
0.4967353344046356
0.7175297439040972
0.6449186988518186
0.7916086235649681
0.6941351870203553
0.9225382377840209
0.6871716846410924
0.06810266220353134
-0.12089536358486097
0.39849496197586054
0.5401228233124394
0.750238968866724
0.7552065290882334
0.24287217916664028
0.49273752866273746
1.0840003547338215
0.7355447731207306
0.7366215437275426
0.614891625169255
0.48290369618007156
0.49929647840160996
0.4505491144734791
0.6461851339560588
-0.22667174989521144
0.37464849734236727
0.7020863769592983
0.7870906918138502
0.7191757270067082
0.23328453283418782
-0.4514598819420208
-0.05437048805586331
0.4076357374811842
0.562212796393318
0.028170293937092583
0.32308512832358105
0.23175755546813914
-0.32485932767670367
-1.451669538148355
-0.9827909957750305
-0.1512118989884893
0.22281111746950077
0.44294122158538707
0.15763640880323593
-0.5970769644026505
-0.2824238816100375
0.1145118408109006
-0.10302597675601188
-1.174168530423022
-0.21956597175761294
0.3412520191521299
0.2599588741809592
-1.189864843617754
-1.2018479672293585
-1.2700410888480382
-0.9818253581164715
-0.39697098197717207
-0.8716054204313997
-1.6232496936493424
-1.5346080803808024
-2.0511557010323904
-1.2063723002137337
-0.5675830641303191
-0.2763952338735939
-0.13420706763827328
-0.33556056025636866
-0.295286396109272
-1.0126398278226258
-0.5659965329189935
-0.021270408865467716
-0.7535256715059846
-0.18643020375832142
-0.2695427128452291
0.0990912265910131
0.43246050305793726
0.16426683209944315
-0.2928825986053841
-0.04156073796600368
0.36075211048881906
0.6445834025199103
0.7702823084464147
0.9003133416747814
0.7633589751688948
0.8812367401177966
0.8277177320343684
0.45689661913419777
0.7074946325708967
0.54013163819753
0.4256363228368375
-0.9100719793971945
-1.6336657738313587
-1.027508185680992
-1.284570872949826
-1.81915061200691
-1.24990103776369
-0.14708094130721816
-0.9052145074217091
-0.5553554011588755
-0.5314328707667744
-0.5420719468960661
-2.5510223194669712
-1.444161898777042
-0.48128791132038007
-0.057774186233348956
-0.16176656721130656
-1.7931631384628628
-1.554075504785193
-1.1691767070176058
-1.8666028321857526
-2.0780389169631874
-1.5368697913774798
-1.7756927771554598
-1.8086150006896535
-1.024388967706145
-0.010447108244207026
0.08304161685663225
-0.09484150306554529
-0.21437912144102278
0.26709541031714
-0.2725002320805997
0.10773928049669779
0.558444530469057
0.5902674855030424
0.43013708005263507
0.6693721315693452
0.4193583749837061
0.5979103863009715
0.45439216995407683
0.46275080733062357
0.3876363503970549
0.01974014153435244
-1.3550374846220485
-0.9331219646043906
-0.6406792196742597
-0.23372652700194763
-0.009443717008447705
-1.1762219470776063
-0.7580709790796863
0.4114105488717209
-0.1048398803675592
0.5800457339279598
0.8262351111463159
-0.10511856781498252
0.6347879889299212
0.7637277868836535
1.054240234947668
1.138443010840886
0.373919579822651
0.8971954283679672
0.7058740643864615
0.7084726603522652
0.28940970606776484
-0.3601752000481514
-1.4955464834874261
-0.7709189172640812
0.14293176657235274
0.6227275865050738
-1.415640772951018
-0.5466272687888702
-0.365531740542009
0.15400620765165574
0.3669342397465506
0.3027108446506118
-1.8210866719248164
-2.41544639232627
-0.4913338800218368
-2.1104664578961834
-1.346383094410002
-2.0302657256158674
-1.7448664547364034
-1.1519056375640757
-0.8106667036037238
-0.9815127167672463
-0.18879962085984603
0.23264652692999876
0.25900259495222133
-0.08794994531711331
0.291271815824785
-0.007958114464777899
-1.1328985618041303
-0.13899179612191237
-0.18514489297271053
-0.07701176680371546
-0.6374081777495663
-1.6107553956078347
-1.9614390451127255
-1.7528172060253824
-1.2814108081195499
-0.7351749701593232
-0.43275940749942277
-0.5412664105955309
-1.7108007375876033
-1.1316295018875175
-0.5552833887501668
-0.12203246617358077
0.11338689797161117
0.2873221807222196
-0.45166551458038473
-0.6059002729434126
-0.6089586188238343
0.3917385363355955
0.19831779343045863
-0.01779197099259655
0.03814886129102768
-0.3211173772593131
-0.1961994393169183
0.025749243722004045
0.20428679383558956
-0.015401589810675742
-0.5691834577546115
-1.4427191590201351
-1.5249903984076008
-1.3195006361655883
-1.7621440971498066
-1.062986645440828
-0.9941738550666527
-1.1825266352910244
-2.0470209129750727
-1.1364317266305122
-1.8394873411237884
-2.2759998891206696
-1.7515963729077755
-1.758353101528216
-1.2641843622289493
-0.10819911460199805
-0.7456646689733252
-0.22436852844095434
-0.057723283462741914
-0.7593849267240114
0.28605615645894733
-0.27062342025940356
0.34030683064162137
0.8313833461178347
0.8573753499601796
-0.00020329089453652305
-0.1622931776147477
-0.918058952087822
-0.2864714015165205
0.01357539915305872
0.1512714123636717
0.0212659517439856
-0.37676854630711554
-0.9262400411916059
-1.7062417714316944
-1.023596954021213
-1.231026663981759
-1.314653765289635
-1.1633250647992328
-1.4875773145080775
-1.3641761346194523
-1.5934409838292263
-1.4815583180640828
-0.9483903791224125
-0.8534462596237777
-1.9229431211298453
-0.8814924409234082
-1.7991015499196203
-1.9092555508833438
-1.9445899384811547
-1.0822712980504927
-1.3161897777429008
-1.735023917772457
-1.7164707012778506
-1.9887505420763314
-0.8002018917204069
-0.19648625946320974
0.35930786078152377
0.366115203718527
0.3462751075921794
0.25657926442282564
0.4171931111910375
0.23202533981089124
0.2327183208248199
-0.8145560568952079
-0.8631691885957433
-1.329496722218454
-0.7951520172952644
-1.053723573367109
-0.6952203674550643
-0.5996714321377634
-0.7783153958888387
-0.6296324588996951
-1.0966489707574179
-1.2490590947763671
-1.9795226158175292
-2.427428892265294
-2.328567814517996
-1.743467459002515
-0.743346463266311
-0.3150584314175867
0.057254108161921446
0.06144499569309936
0.06637121069769825
0.3471422706309163
-0.5054051723566477
-0.06696001309928112
-0.033810577767408145
0.458754217926752
0.06958069844773784
0.5254238888450041
-0.20731071367290255
0.3291552421914542
0.5270217186386009
-0.06955197558606308
0.3079740656252373
0.4062561112575077
0.6337398759236109
-0.3628270339459658
-0.07182088049250024
0.35944054757157395
0.4726358190540493
0.5846512657928838
0.5509526522733473
0.27961224342621305
-0.1846001670629953
-0.5341467952262352
-0.27004858538062537
-0.42442900308112375
-0.2720283958450347
0.4113433193222388
0.4872286886173639
-0.19801235071561185
-0.4676205933845268
-1.9300953898035966
-0.12437939451709867
-0.4701012148051301
0.37768815170455017
0.3054965893093057
0.22788875050102508
-0.25039410611064805
-0.8532990429475795
-0.839948731903892
-0.18869261779649216
-0.28814953999084003
-0.1321040510513264
0.1900003244856744
0.38477543845496454
0.29247635201126554
0.28386363743331955
0.30270074817142645
0.25364754683498025
0.2700513415284559
0.07837153862945401
0.21149887319331417
0.23399693472213035
0.2872516219857081
0.13167418784025242
-0.31683285293211727
0.1249670063139563
0.35626402953699954
0.14654897567095782
0.07030825250750194
-0.10016851713434205
0.2747455163057765
-0.19183150853647246
-0.06913170091024401
0.22213336649769777
0.0954735914864061
-0.927300623819814
-0.6137094013698134
-0.357232687150804
-0.23043828589515936
-0.1597264549452343
0.03559799176228784
-0.06616741264301329
-0.13019552805841506
-0.044042321393689576
-0.4952758327641912
-0.6427697870592834
-0.30865101020192287
-1.1989525035098303
-0.22547906230915193
0.4580391058957679
0.4629780682947039
-0.21831891207434595
-0.5878248090200677
-1.4223791396918828
-0.519411763252025
-0.2326649828402566
-0.21706859038706072
-0.30278051758292424
-0.0361946150438871
-0.5979369703029326
-2.0605214087492305
-1.7353353924146815
-0.564700727277822
0.05474373222026452
-0.06826511669513347
0.3619251686618329
0.15713974410994858
-0.06748935571597248
-0.0738241806315092
0.01189264935984724
0.1790711602451699
0.0528998930431005
-0.5210346064536665
-0.9205126959815702
-0.17370823981359973
-0.3329706222371412
-0.0008157179318858399
-0.08847831137035367
-0.3867390385921672
-0.10222655179511553
-0.24529001219040059
-2.122895171953569
-2.0807699491130247
-1.3830902213775276
-0.12647100326093275
0.05694233119427572
-0.13408936811776384
0.3075770358583193
0.4147879538557916
0.464163791055039
0.1507975544776491
-0.2871182949038603
-0.3204686719948633
-0.11670918465995184
-0.7471599345314028
-1.8453394471602835
-1.4905325995017324
-1.1262875740591103
-0.8987418631115949
-1.6780931062839697
-1.866085129088468
-1.5183064654683656
-2.1433423981884983
-1.8105193128461732
-0.963056923858287
-0.6636786011615938
-0.07935230896359535
0.023325762089998814
0.3354825521907846
0.18838931615994936
0.12946743845879116
-0.6886653115744377
-0.49454690835662724
-0.20720352240070572
-0.2578179341920305
-0.6120106263629804
-1.6067624168629402
-1.0378267968641595
-0.16851418164704846
-0.023881530235002058
0.31513339874486446
0.42322910048462725
0.26514323047761745
0.48014323080583166
0.622330767832726
0.6333744556868174
0.6858936436600572
0.2914898394813318
0.46682223821609303
0.4594830966257629
0.5231550182738153
0.0411792969999637
0.2360777618055524
0.30687646208241215
0.3566558467164861
0.3038651321863829
0.27398743322011454
0.09802810742361878
0.37028422630669267
0.35425845649195675
0.1400305539824307
0.35645433911530666
-0.04461496544621135
0.10496418145526965
0.12937745054056127
0.09574384153306614
0.23689609344295215
0.44136366143230743
0.3485607080275165
0.19663922239183995
-0.3484151064535349
-0.16307107039876267
-0.5010370622965723
-1.9871097609597794
-1.8192246376328054
-0.9457218506733763
-1.4487573028751264
-2.450783180517618
-2.036357105527918
-1.1998992905534236
-0.37396053897577186
-0.28062851918882814
-0.10426802537635416
0.2101954972007215
0.11228245048476293
0.2192394418428879
-0.8047329237861601
-0.5740545018339378
-0.19202599664993436
-0.12014917213907828
-0.30920812029369393
-0.21937288627399532
-0.7589520680899747
-0.09015362636479829
0.06261446743513654
-0.7540612405764848
-1.5717864147381966
-0.8079864674100958
0.39062149873673435
0.08065635945378102
0.0571788353752819
0.10411699374224215
0.4415212167639292
0.07513390610768356
-1.2596599730507907
-0.5415587832535798
-0.20616262628238124
-1.1903289902590584
-0.15838816880696205
0.05631094941180392
-0.09465076984977083
0.2594572234339457
0.14719163436760585
0.17345069971809812
0.2598017428150069
0.2385572046160963
0.2336432032621104
0.012774779651910095
0.32885615647072164
-0.04677892430225705
0.030540639707479778
-0.14370113120169503
-0.05497399003422698
-0.06164388011063615
-1.4260621433684688
-1.9766337603440052
-1.8708499751496377
-1.0145805106336807
-1.42408766559576
-0.3542186085791544
-0.3145641253720777
0.1116767680982419
0.07945501060545335
0.17419771081730373
-0.0735748261657686
0.09131012540091565
0.041443910716076116
0.11667589850637183
-0.7465457142729339
-0.29016914847855135
-0.342769565698871
-0.9523412886650742
-1.8312479587388757
-0.7495376820855426
-0.27245014726836636
-0.6726092137260443
-0.6686112363140544
-2.1466036211689787
-2.2165460466075406
-1.7316833747935396
-0.3828200525943102
-0.48713652170647476
-0.03939502003283246
-0.27042203625223904
-0.36667106726327137
-0.3016640984097634
-0.27711323094118023
-0.03332031029435667
-0.0016905567925676879
-1.0604175410207726
-0.4131847053556208
0.05669865956099496
-0.04072154603330336
0.16665381856784411
-0.21094159829440495
-0.5387842759696373
-0.6575835422859795
-0.8590542646756362
-0.6920036284614819
-0.577397930508256
-0.5770498853669375
-0.7954049751566827
-0.36660054474611503
-0.25403876244939017
0.17689046506407846
0.6676166950617451
0.5676973639711683
0.5784250161625005
0.5520523785939214
0.6753379339864624
0.4568865709094524
0.05616627906926708
0.16343773474026702
0.006508858981857046
-0.6621002487256723
-0.003261493494037926
-0.10211465283316112
-0.02674450858988231
0.4026605757404188
0.27667972113799066
-1.0758035500553986
-1.4822441266624722
-0.09694458814918694
-1.182810468927545
-1.016122144697808
-0.5889902943790402
-1.091191186693822
-0.806425052721288
-0.19501755693984058
-0.07436178172435148
-0.2762995680267022
-0.637976436435193
-1.0867080138765124
-0.7355104829559231
-1.4851203187724002
-2.051196879932972
-1.3512045721011137
-0.37790045410008144
0.17343833380406115
-0.0322558170461299
0.14559758024311376
0.31882629281112285
0.4668206471476374
0.32070960993188746
-0.42335401808712086
-0.8523120220999437
0.03333058327892979
0.529443883487838
0.3046280810421046
0.17800442594575105
-0.8983579138049944
-0.3661674358620241
-0.36380954553018513
-0.026202007673377326
0.3426272645614711
0.007741969147842975
0.39145972851190247
0.22747519709696318
0.15733554249514203
-0.11357043080262696
-0.5235281903734965
-0.4075748118735322
-0.5170970261698966
-0.09958456913802893
-0.14801933605979012
0.11929947382718653
0.1830483872305685
0.6114976612520452
0.7848172462693618
0.8904397091465804
0.7397693433815663
0.6884976777067592
0.9205956884750658
-0.30334640224635323
0.5628372084382184
0.15214688947436306
0.25522233284443596
0.07505133125479146
0.10153600997724666
0.5935079727354714
0.270210224424449
-0.013561546221644627
-0.1691589403277205
-0.2124251598422605
-1.2282036864372576
-1.1808290126158667
0.08352125915514086
0.14839233777536043
0.5244923810056091
0.5694885516247182
0.7624182253804918
-0.5674945936026938
-1.5929690521354707
-0.7759024579741389
-1.6731571254551012
-1.611576327163593
-0.4248402099370844
0.09222752992012195
0.5237530444416124
0.389898907951321
0.19656549254290623
-0.48466005954994906
0.12022846660185482
0.4292925756356042
0.4151266252949076
0.40344785767464264
0.5805695565433494
0.8191938537391014
0.5080748785944952
-0.11262898412182143
0.34890048476811486
-0.5575058551353131
0.17425722497651586
0.37543927875013183
0.12178105781563053
-0.48233560836829364
0.4003972658192211
0.5978287781943529
0.3255075637334438
-0.2872597501778512
-0.58725865136099
0.519300937853071
0.9010225153300105
-0.12921295884244766
-0.20424208037358382
0.3612549082238373
0.4992073497766386
0.7530551385339935
0.7120244591313981
-0.26834176458793124
0.1918667327020379
0.2414265291076264
0.25119471285498995
-1.0323327679334433
0.057580663689211
0.17464164730242426
0.49557830703256533
0.30601484454049543
-0.2035122437869693
-1.0486386139871593
-0.19226411763732398
0.27891875504731123
0.19635796184654242
0.0759348777336043
0.4743691063580223
0.8910481922521422
-0.10674568947146057
0.250779103444673
-0.35738689691415726
0.28956786865899786
-0.11931499309894322
0.6920879003241093
0.3170525184432432
-0.14959165938524277
0.42735904901034505
0.48330385991425084
0.2936817235376087
0.5444664237397797
0.026458902923763294
0.8693341276170609
0.8854390372992406
0.16441355706826122
-0.22223465298122858
-0.6666119666120617
-0.7173202270579071
-0.18717852947939095
-0.27267606464163596
0.26071308443495267
0.22174649752386288
0.36456554276045894
0.2344795617706762
0.06604794759178245
-0.26096685852121604
0.4075737095190376
0.2852585648447209
0.03019850439881766
0.5723969103131342
0.1370300476339028
0.8278950562169461
0.29184151572136263
0.7471466145693196
-0.15604189413960878
-0.17074445605889133
0.3730698377728968
0.15197725672623152
0.20683305304057786
-0.2981572097857429
-0.509299585587105
0.045614225412705434
0.45479962930584195
0.4116862363777408
0.3342731459357883
0.19993138874417304
0.03144916498206751
0.15903491232239686
0.3996657402345959
0.651871825019854
-0.37617671844699496
0.5633184682232156
-0.7468973116267489
0.049469210648459994
-0.3758540580336511
0.036247545551471694
0.41641990420913844
0.5680553095908542
0.07261325087767212
-0.6156250653162345
-1.6323638535652614
-0.6944090865881399
0.03666044244917421
-0.037024211415757624
0.12523523395679337
0.1552387975084667
-0.17084756383011435
-0.15514649420771465
-0.01846194002787116
0.09256506731091407
-0.1265866165256686
0.46675132256008756
0.4428228336137011
1.0115491887322428
0.4846014744844934
0.16870832738447306
0.6936499661742491
-0.13588150539009902
-0.2598200660306428
-0.1869682804051057
-0.22854835594857736
0.06542415288279801
0.2938469599817165
0.6870921870986951
0.7634826495875496
0.7725593209012208
0.628297432231904
0.783328507618901
0.5274825519542504
0.784528427503625
0.8164203208815634
0.6490057397083145
0.43127234019059035
0.38533994868415056
0.1847572672154144
0.2337664767682811
0.5520287281108053
-0.24868607048656488
-0.044716937218583275
0.03594614163636678
-0.3305760913982453
-0.29250966081086494
-0.2490796460987056
0.035631546643253076
-0.6316587649804365
0.05783142866505642
0.2003643572430377
0.3545225400696749
0.14746261506247327
-0.179891567247361
-0.01608576405918627
0.16968080855695622
-0.15684064369808437
-0.6795825050706458
-1.4505315433461599
-0.8037858459895781
-0.6654522602791535
-0.18038703040883985
-0.28038974051734755
-0.25389357437079507
-0.445408309992038
-0.49305498082788496
-0.11197140703139363
0.11129862260679524
0.11000644816666949
0.3511398126617954
-0.06454395006595426
-0.2693291352009074
-0.10794279652051797
-0.1666470331967732
0.016292923768656986
-0.34052172374982687
0.5555999740644401
0.7243835390216783
0.6284326327609427
0.5194974009671548
0.5938818870990635
0.2942381436745213
0.6731653235213716
0.4069289500208638
0.6683124296771547
0.6888167289780897
0.42335194062913406
0.4691913691477375
0.5115091336775469
0.433679978308782
-0.18909646106733347
-0.13331785345856328
0.22916083198395143
-0.12699798893170644
0.10670717249408168
0.11651886849002879
-1.1769942035295096
-1.4060207127208184
-1.8062268532323782
-1.9217676201816967
-1.8902524734201598
-1.8336969713851725
-1.2301409985431055
-0.37793384289161147
-0.15414961933114635
0.11238300790334
0.30743240895870005
0.2471966350048519
0.328727876772145
0.5070848705343093
0.5380982678751357
0.3461817283084726
0.19251199563751464
0.2607441100752893
0.10303740377052162
0.44626362668146846
-0.04673538345098238
0.09944650063631422
0.5361872720844599
0.48212117143809674
0.2242512883858171
-0.4571153494915712
-0.049493156992592824
0.06966930639301916
0.599080539073865
0.6329928521109708
0.6535058750129156
0.7330932682505388
0.6288081792817978
0.5500793361579545
0.8276904001467179
0.6292873515991549
0.24011307538961557
-0.8335069608668482
-0.8329890035449964
-0.845403138110801
-0.8346227293677336
-0.8352738255939156
-0.835039342748342
-0.8741956183788678
-0.8384527958986016
-0.8387673098103213
-0.8641996303618114
-0.8435276124487107
-0.9464569271689413
-1.0909023341092945
-1.0092357747962177
-1.0875942701018628
-0.8658742376338324
-0.8423346126810287
-0.872407775881444
-0.8611348016193722
-0.85220080188793
-0.8477477697406115
-0.8731848735789826
-0.8368207036304534
-0.8337476698534523
-0.9549237678064026
-0.8444812226434819
-0.9300159075376304
-0.9558965671817246
-0.841314348265762
-1.180625893270094
-0.9688994286847666
-0.8387206402409778
-0.8341883670532267
-0.8366546457879247
-0.8478196742989592
-0.8380693721719299
-0.9243612804219674
-0.9612074801953663
-0.8723340000927616
-0.8840122387503024
-0.9308275880012588
-0.8644656697750672
-0.8378047410934628
-0.8382465101950206
-0.8371719071547454
-0.8356517414274799
-0.834698636974085
-0.8348195773408118
-0.8385676440893705
-0.8476003857863844
-0.8574736868951961
-0.8428719199405544
-0.8385551142817671
-0.8421904235022836
-1.0994860023121062
-1.2202502533790676
-0.9070438166122898
-0.8412344165731174
-0.8873006314821983
-0.8540787152377635
-0.835704690985112
-0.8350615252853846
-0.8341021204250925
-0.8341571693630785
-0.8353172193313292
-0.8763131309869796
-1.0650649347192693
-0.8434254914474071
-0.8389356933658418
-0.9474835786661344
-1.0032055047838049
-1.0858682434815141
-1.191562873223596
-1.3548786748135144
-0.997405467573323
-1.0127824059189448
-1.0514091767950262
-0.9683280941953887
-0.903582823299597
-0.8494492975839757
-0.8377961332938894
-0.8747623035880012
-0.9027918209061522
-1.101596897715576
-0.909240956360785
-0.9552828868390277
-0.8479014377205799
-0.8439287551409083
-0.8919257393115237
-0.8399151725541382
-0.9651314156815682
-0.847812943230497
-0.8364901524945159
-0.920398971068867
-0.9201396858701633
-0.9473409233474297
-0.8692632563923424
-0.9126308299544579
-1.1956838990697147
-0.9693693829457306
-0.9131717258111074
-0.8466557081349279
-0.8594887071320401
-0.8361780268764998
-0.8513916542568865
-0.8632709808620208
-0.9861811241546414
-0.8400584369555897
-0.8363629508965343
-0.834121600720985
-0.8334060203109526
-0.8374865664093539
-0.969049650800355
-1.130188159879681
-0.8419902590010745
-0.8706613280131209
-0.8328936494054106
-0.8328653992762832
-0.8328631430345469
-0.8330367722365671
-0.8328875338704573
-0.8334612773355533
-0.8330314446068183
-0.8393842161505405
-0.8351470404268233
-0.8328677111853197
-0.832862966331843
-0.8328933354211661
-0.8328745324136604
-0.8328651088865733
-0.8332430514465924
-0.8328893320307555
-0.8329444658728167
-0.8335528032309594
-0.8372636701096735
-0.8363296612740758
-0.9245382586603187
-0.8541656780082353
-0.9330464021839688
-0.9962169458729073
-0.8922985107183276
-0.8347744706724408
-0.8338318137190482
-0.8330392544063769
-0.8345989128437471
-0.8331321599692675
-0.8328698556959512
-0.8330310985879033
-0.8344889497178269
-0.8372587230052854
-0.8506938951532321
-0.855139435938175
-0.8343785040958053
-0.8400130033549429
-0.8619654136551724
-0.8526453893416105
-0.8913856190939247
-1.0460108775971109
-0.8950219975545863
-0.8600395785235571
-0.8412545928349573
-0.8698333302309723
-0.9609243651492286
-0.9394825704374243
-0.8355642878562117
-0.8341476936975497
-0.8339222571230454
-0.8419606054048184
-0.9000458378684432
-0.8333617602363657
-0.833990915630313
-0.833209293932396
-0.834016187509131
-0.8334594142334981
-0.8330273863397931
-0.8328958105832888
-0.8335123027964967
-0.8328850172743247
-0.832883926488973
-0.8328812167659572
-0.832864305131004
-0.8328633478574983
-0.8328687638982956
-0.8329166059161748
-0.8329899771992608
-0.8425087653708413
-0.8350345703378103
-0.8545880237817355
-0.8413504084327652
-0.8471195737700027
-0.8381960211925416
-0.838875813074923
-0.8333037989955121
-0.8357602304224194
-0.8447428027255278
-0.8494740085293561
-0.8946558103543161
-0.855359904220709
-0.8361131848421026
-0.8535126063942188
-0.8455052115842651
-0.879104134077029
-0.8485395145190573
-0.8390617886540623
-0.8364954899008006
-0.8401847199189426
-0.8381465113501488
-0.8394031834995249
-0.8383438778035083
-0.8484807201627119
-0.8416776364138582
-0.8462826320477773
-0.8407043639865825
-0.9334937533045663
-1.1617291838993147
-1.3389643692094304
-0.9890912462331356
-1.1244411224767121
-0.9787274172599459
-0.8728485005186924
-0.8545249312581089
-0.854785565631582
-0.8390439026552026
-0.8428198826213193
-0.834427676445972
-0.8370553945327576
-0.8500174977529718
-0.8395627238107894
-0.8412024281326579
-0.8507165202150768
-0.8382491171704528
-0.8339089524551881
-0.8386203053406195
-0.8584404117445182
-0.8399997437826012
-0.9460569671890768
-0.8931781682677384
-0.8537597602786358
-0.8528669950773375
-0.887259267845442
-0.878844797251709
-0.8782238985188638
-0.8750990358123227
-0.865193850272125
-0.8531191295776774
-0.8648002696839986
-0.841553797223447
-0.8409676718872316
-0.9032139092776605
-0.8394542686961087
-1.2884245709232374
-0.9269474015317085
-0.847205799935377
-0.8461723194641245
-0.8495813817403012
-0.8367703210661452
-0.8457885670977391
-0.8953786049454368
-0.857782906343712
-0.8391227169039334
-0.8359292343715042
-0.840737902616574
-0.8643619349377342
-0.9936986542365378
-1.873075160292009
-2.039341382730236
-0.9657849850876992
-0.8486921202363733
-0.8495698285552544
-0.9747618281544634
-1.3348307652215246
-0.8328665499522432
-0.8328627360748163
-0.832862726680643
-0.8328627315073711
-0.8328626613753272
-0.8328626967408058
-0.832862704265159
-0.8328626932603154
-0.832862691938187
-0.8328626749024496
-0.8328626549862487
-0.8328626460637985
-0.832862634635317
-0.8328708587787096
-0.8368419505323452
-0.8308304597111523
-0.8171036113229772
-0.6805332150562544
-0.48178818530562323
-0.36236689938622285
-0.1201934710871485
-0.6343181539738231
-0.8033576776593743
-0.46470971632348235
-1.4652185131124749
-1.6925160508743486
-1.2767483021047465
-1.2292003002133838
-1.2549206066016292
-0.8678804125427398
-0.4583311569282727
-0.29040163224683957
-0.141625746035282
-0.06686526580767227
0.15440408397051364
-0.0065454361246891635
0.03449865342721259
0.16895355431390635
0.20743239127242086
-0.112691418452458
-0.5355729752463005
-1.1780027475901278
-1.4337707265430075
-1.5477940321310277
-1.4580534147805437
-1.2644287416720033
-0.9953507585690451
-0.8247615410638177
-1.571605644907915
-1.1431784212161782
-0.2645812790503209
0.0966125049544424
0.5471816046541581
0.20795262123931335
0.16563295063833838
-0.12092590686258309
-0.23960663458556708
-0.06536659868844474
0.018833680056144386
0.37126189646421637
0.0686476190391031
0.22283731524292116
-0.019203339809592324
-0.6049793623873415
0.17711370696593243
0.5172151354360784
0.706933314181578
0.7009332516425383
0.7630507295292576
0.7007707649342146
0.8171602700888295
0.7558470990572331
1.0059451433058397
0.977191643052355
0.971518368846468
1.0453556179846446
1.0056665258569257
1.0954686790586061
1.1026293018748454
1.2178350937535418
1.197502971081816
0.9496682208929671
1.1997548474682742
1.2908857444615363
1.3722062387459566
0.9857168025261559
1.538861307326166
1.3759475171699247
1.3390585105705504
1.2793071919008892
1.2374180922760307
1.2419425307848728
1.187529738141044
1.071702654291491
0.8114103260403834
0.9465540221552816
0.3336817594284883
0.4986807133424228
-0.28928670245085364
-0.9475156976128627
-1.132276820241767
-0.9717859072334686
-0.9963194127666003
-0.6521477385367204
-0.16356102331566724
0.006767288605325383
-0.03863435586891795
0.18665445482217036
0.3512593627312671
0.2339380238164327
0.2352906150980364
-0.27054288782709324
-0.24582530819354576
-0.44075507862720786
-0.3011166657682225
0.045925075556261796
-0.3910090923941714
-0.7933748569676489
-0.5100758456616404
0.12083449298350113
0.40259677831374774
0.008962038079864065
0.18110025746135172
0.19990755557889417
0.34310713665332215
0.6650294347498454
0.7192462497707667
1.0578131613650883
0.1905203656307507
0.6526229992332687
1.0999027644188035
1.110224973641381
0.6980140652467989
0.5775509612228898
0.6538634819960266
0.7509595176313578
0.5811857169879614
0.5065100330840738
0.7765628210336243
0.9957598403076583
0.8409504633051074
0.959458390647867
0.8608411777891595
0.3525778500156681
0.4226806728638913
0.6365797928258304
-1.1375595363134798
-1.130333257523221
-1.0441528865399377
-0.27216854592553597
-0.9202736497522753
-0.09169993768570939
0.25402409980366747
-0.09743775513307928
0.5101438602020806
0.27280053747439703
0.6362459756865685
0.6253380947568451
0.744840946333375
-0.08228551805245465
0.22332258965843266
0.2604239185293805
-0.7467789496706839
-0.9777903363909608
-1.1542833504235699
-1.4206524257184145
-0.8126366938195785
-0.9954386222460629
-1.5616875753797737
-1.128043164239846
-1.1392038628355
-1.2321066331418473
-1.4585275286788861
-1.7110003945490884
-1.381231784522456
-1.0588159164223172
-0.6090869398893732
-0.40937831052619283
-0.5225913371998806
-0.7046451800047664
-0.8153012549866699
-0.334428467757816
-0.023728807482851222
0.15169150453714797
0.33649734982584156
0.31089169952197515
0.4161370677851063
0.38788902118082913
0.5123879047216596
0.06240032548014118
0.3095648488583812
-0.35011399622365813
0.26343470909734534
0.3083967049924289
0.18016182490588795
0.3345889084855128
0.502567347737798
0.5037259385126426
0.058156808700451146
0.5909584644425535
0.43365995027430315
0.45901478302630794
0.0316872852258232
0.18064716435470463
0.19205947971937232
0.18962581861309225
0.09162577403380856
-1.5062188811576838
-1.1788716108861377
-2.084111605711427
-2.3270576412012804
-1.4159176946440613
-0.927495803961631
-0.6341185398769534
-1.86864654283636
-0.9290179912748082
-1.103567677294309
-2.077988655722324
-0.6339731723041957
-0.29801632442841264
-0.4942234284911563
-0.4752437166487331
-0.8463571416575115
-0.8685616143185114
-0.10010710347518548
-0.893358691765803
-1.0592853073732682
-1.5509679064557425
-1.031820568875252
-1.4896833239092593
-0.7227312124722509
-2.125896384062973
-0.8597763239383741
-1.1934159118044658
-1.3075654413280113
-0.2307643384010406
0.5441500311313864
0.5896315608912525
0.7808769536005099
0.6897030252905553
0.8218516910249071
-0.39481454589507603
-1.144662720547914
-0.832160444658474
-0.25991948279891297
0.6902423372514436
0.7027295263800165
-1.2289136096278153
-0.33239030698372374
0.07147854611121807
0.263308169524055
0.8687203940025209
0.8445437062010578
0.9599350100991145
0.9898998320307683
0.5171538767205305
0.7759467422490464
0.4879350634543981
0.644732389220735
0.5202961167832568
0.4903520373071556
-0.8209363841996935
-0.4828953467526893
0.17132664268955444
0.38360216377975853
0.12458065506058402
-0.20239717805604718
-1.9081524288782514
-1.0483485478658148
-0.8414890868484964
-1.031985303927725
-0.5455780256907191
-0.1438763414002323
-0.36544741450578067
-0.41135686314808856
-0.4811772015004464
-0.4328278026963396
-0.72808094744824
-0.28004576882554066
0.2305081162082533
0.24407351536074617
0.03359466662325605
0.27154400538277346
0.34395354308326354
0.32197209098955637
-0.06962530066628136
-1.0187758548636636
-0.4683875663113086
-1.6095973466502205
-1.43177088071694
-2.2182982520214507
-0.85015428113421
-1.905071925394938
-0.6555235479655398
0.10867851084557956
0.6396077844312996
0.5155094144027307
0.3587195561918187
0.35427111329324157
-0.35003669679580673
0.020653918770591084
-0.06052555825507555
0.2658705737387196
-0.860845519463075
-0.8972365646531916
-0.3355845175372263
-0.4944796152198529
-2.0243325758559916
-0.7906362950226377
-1.4297557739907862
-0.6464036149022256
0.09320258482702337
0.8031115724800247
0.8658440453582349
0.43942331151503666
-1.0752318094494735
-0.6032588371474679
-0.07421521758930971
-0.11833063273483246
-1.626469976570446
-0.6786158808418224
-0.5078093371125223
-0.920233152747684
-0.02250974840557618
-0.11742441598874098
-1.4341472457842266
-0.9775612024670167
-1.1937892116676838
-1.4437068032960625
-0.9409048732048086
-0.9006605660782456
-0.9762134608552782
-0.9368144830344463
-0.8930029134338958
-0.8557872801083795
-0.8086988056382639
-0.3947793282333891
-0.9339390050963756
-0.1844034903236209
-0.30465913057336336
-0.06447230862500752
0.12603635848634098
0.10990752298264128
-0.4767593485938293
-0.1697165197218139
-0.3526515960505918
-1.3449993500101023
-0.2275078289583109
-0.567006916047573
-0.6857601182944546
-0.17192207180815788
-0.8495136951757799
-0.5001815542645547
-0.06279371881349838
0.3886819571615726
0.45353765403948476
0.5238475304320621
0.16111816624693776
-0.03713208797665635
-0.43608687652668376
-0.14426756036025867
-0.010957506376469417
-0.45680825526918567
-0.3595982867449655
0.1908299438208304
0.36185830543731157
0.10815941035608745
-0.3709175288574462
-0.6073767292263329
-1.0053590920525772
-1.1480133077660768
-1.2509489792390593
-1.562902615062638
-1.5926074469083529
