0.4535579053965686
0.22214572092572968
-0.00022706113976407756
0.22378962259240617
0.3139890119079978
0.2857442298206594
-0.016008490919158718
0.17671776617162152
0.03961715219465273
0.25549423139315564
-0.6036503594138589
-0.5159560191243882
-0.3448740941262372
0.0010706511480717755
-0.25537418088797714
0.10998461601467432
0.3030689611796934
0.42625358506073646
0.43496789458319823
0.5798368639826781
0.5741890002935821
0.48197885689347675
0.8133807515653163
0.7855633877686378
0.871616762936189
0.8072764894036819
0.8375260770189382
0.4497681407256751
0.42846389498451093
0.3524280529749418
0.19055123617331604
0.5974414242685107
0.4333116308744873
0.5947345249536252
0.5003146343299761
0.24165305378931656
0.4917838767204782
0.4319113773713053
0.42363796045368235
0.7085398116543604
0.76752374609111
0.8756323904092351
0.7737597236553623
0.4230573063289495
0.39082188023696857
0.1254162393865515
0.3504205911009077
0.5337140711845727
0.5117789218287226
0.43964854167710293
0.20240303669048149
0.11090695583059348
-0.10369998933353214
0.3236664397882737
-0.01784078613436181
0.35136841153009063
0.2765218888863357
0.13379442274100128
0.7283226589477417
0.6421381170994054
0.714309640774665
0.0530615692586302
-0.0609331232123969
0.048576728375203854
0.2893623480219452
-0.05805999698907165
-0.11286194229715633
-0.34442061173733196
-0.47258664763968217
-0.4149910886472024
-0.12332846419248823
-0.3755570113941574
-0.17143559049290347
-0.08758095635346459
0.48355784557004233
-0.26651008950191807
0.3168726609388485
0.4101369621671284
0.6633315347035939
0.4779386147843617
0.5740506795329064
0.8221879057988698
0.7514825783407277
0.5041445347764338
0.8623554230491149
1.0037104417042582
1.0829219334717752
1.077919198287787
1.0196996487196572
0.9590140165318242
1.1531704797896603
0.9264309526894879
0.7490924176751775
0.9236296615059789
0.4432579432322093
0.3373499727954596
0.5110339447052888
0.6266504481431163
0.7835311841261786
0.6174254444119712
0.8393293065665736
0.7017548147838213
0.7671098847456488
0.6457929875544031
0.6466932783482912
1.0054238978669887
1.3477711711698444
1.3920181549662027
1.2139019319956563
0.9065602561108489
0.8939993233231079
0.8032500328334589
1.145466293955214
0.1278845807529195
-0.29423989762216096
-0.3786920149436451
-0.2220975146587875
-0.18896169824821588
-0.13806972054262778
0.34967837856583356
0.16928225528792995
-0.12770711126732018
-0.21334218064446006
0.2824625165951086
0.13754730323529446
0.1714828739270526
0.41278364356298103
0.6374298188826851
0.7492865376987907
0.5340732162127443
0.9774227599862904
1.262462248120235
1.165982987553414
1.1018463356451675
1.3289604894994373
1.3408103242180025
1.0341112594685262
0.7463284649265204
1.1391090322055601
0.8315414777876714
1.015417980194858
-1.073673299817924
-1.3231217914353084
0.40521738148285347
0.8012296533357476
-1.3099303111591443
0.7790640199863307
0.43060527544148
0.8655111751076066
-2.487242153782824
-2.68041674446385
-1.6311634883253807
-0.9846901079371038
-2.096347721826588
-1.7967833060653422
-2.697045433155646
-1.9451514344301277
-1.6424013656314678
-1.4057430256820171
-2.165459054025917
-2.831991921134881
-1.461460309230291
-0.906928306042095
-0.17983111604629817
-0.17583250200714812
0.3167460552708862
0.6985871743805708
0.5846532251659946
0.6665772368537481
0.823112653515679
1.1229572157824155
0.8385258336561138
0.3233144240268266
1.0231359881276225
1.1129948071179945
1.0551973689014842
1.0554040340520068
1.2939946932597621
0.6260713796508164
1.0107033559291843
0.7231704050804117
0.979725106174298
0.9989175086723713
0.09382616270173248
0.6966869405931978
0.9622247278061319
1.0320099339037505
0.24982202955145671
0.6228831537515963
0.4805576243754175
0.618464618105362
1.0184563460085148
0.8724503153656169
0.604728343114113
0.6680797876621678
0.32607625556335634
0.12642725275493275
0.2880999859959621
-0.6260208186099205
0.12271203124419894
-0.37407456231124553
0.2529353228897053
0.29533576256158245
-0.3674580044250346
-0.5601448832486672
-0.07591823100429274
-0.3846821057952369
-0.1179082012745904
-0.4760207346058616
-0.7772743759251729
-2.3114175839674
-1.0095793519783247
-0.22330223295844004
0.19730772633103527
-0.17180226469894502
0.3719172803968254
0.3893074996130729
0.5125422996979436
0.6963728865357363
0.632681816960021
0.7104645533862876
0.8182796226742547
-0.005254686448079665
-2.4234290472311715
-0.5382340021208273
0.7835560961632975
0.44800420550572123
0.8492409200365187
0.5980507284252483
0.15481575560024494
0.10892580694467724
-1.2452073624266433
-2.301740598288927
-1.6658341261840945
-0.8572641409659109
-0.6349500499382775
-0.6785481094572012
0.23859434151641812
0.11505690532309341
0.1905900017491107
0.5188910421483588
0.48440494319592364
-0.5200743582669617
-2.1681968885671776
-2.2392113734429944
-1.0617520274357655
-0.9657323342020567
-0.632493707416383
-0.6099453227665421
-0.02152373419085158
0.418470287445587
0.6993158899531309
0.23152490092588168
0.19712504820699825
-0.6666773141193681
-0.08273551126113263
0.2853073116425041
0.7070477711645132
-0.3320654645526751
0.396873819826645
0.22283772574983057
0.248921029279715
0.7274858616911335
0.3662741221708932
-0.14672458541808153
0.9749818754026311
1.176169989175269
0.6316309268653179
0.5955072455106504
-0.29665402938752855
0.3457613480016908
-0.3097021292323142
0.156469778830427
-0.030621562769877195
-0.14248495649996717
-0.7013718358655371
0.0632196734822865
-0.5600478411878034
-0.7391569575813612
-0.8366888608434999
-0.3998249789354741
-0.873401756694718
-0.7477475920209274
-0.9029477473271772
-0.825246495466337
-0.9259577936026048
-0.5500718977004719
0.09610188582642212
0.18790417487182162
-1.078639378306751
-0.5422817934195051
-0.6615014139208547
-0.22316377406117346
0.5481386943605623
0.12351564140385368
0.2935230955544532
0.3022511179842505
0.7492458540959399
0.773236738185648
0.795637171335332
0.43806160918698017
0.6884838573696505
0.0771512994005041
-0.9652212050278952
-1.6821658284880272
-2.3251649419918228
-1.178194514285054
-2.637128781040667
-0.452751906641791
-2.6755626205166854
-1.6698751073160205
-0.4820528930177733
-0.7776810608745537
-0.21776665855658547
0.1325163531732504
0.20022007787399754
0.4617679883713692
0.6142601632877159
0.5084821702099835
0.26057531199649325
0.1618794156296952
0.4595818502604036
0.6056752254925899
0.828853909909635
0.8620809513457202
0.3988725227162719
-2.6487981917938694
-0.4272385932106508
0.41986202864371724
-2.566720459795421
-0.16111588014733888
0.32865891162179933
0.2307199698008293
0.29301193642208795
-0.3206134088581096
-0.284703283402412
0.05049214359894374
0.38689519646729653
0.6160533479657073
0.40851182053644647
0.3905086659046507
0.27169183572211336
0.602747888064686
0.8638650904717439
0.5859642555871615
0.7806094735380253
0.7960895208084487
0.381944564066822
0.35173098538825986
0.3089235552929874
0.2708118623419952
0.012372788802420449
0.45495036193549593
0.7654291668250968
-0.875852447158493
-0.6740704186222962
0.3449756268262577
-0.6196602627815717
-0.19596167606446901
1.1927201278528603
1.2841721307929432
-0.2821228528213482
0.27294056642212616
0.7599933294244328
0.19406159734121625
0.8148555935814475
0.7205974252304406
0.5339545630299911
-0.034989836706960056
0.7392811007357807
1.555035414919344
0.45344511342167526
0.5820119552341854
0.7607365543562985
0.7131488414054514
1.0442005642637167
0.7256297910936338
1.2009679731134426
0.8863261173205043
0.3022147391576497
-0.1841164566157452
0.44437199552707124
0.5928636209221333
0.8483147692638013
0.6784968148287973
0.30677614154623045
0.6467046415132448
0.9642263913422012
0.6929913935847531
0.7850619023704818
0.6735520762419263
0.41041771838635055
0.7151348268423106
0.6072922574425036
0.7141747420520688
-0.308874892162979
0.26754265796257526
0.5583806092191458
0.6235282973104299
0.5789029993561948
0.08859559494072533
-0.8195326844343953
-0.22506778793426807
0.25488638764281435
0.5710758769810342
-0.1861877256994756
0.07550471589609471
-0.11509089572180381
-0.3141998658379033
-1.9993117942667318
-1.2187670105699704
-0.6735443236982578
0.05603802346646367
0.33803609852634425
0.08995561758740253
-0.5935425453521631
-0.4379966101750451
-0.1802220658404006
-0.21832052806531504
-1.9116281289885912
-0.5003897317261697
0.14591405452137657
-0.021174364567023016
-1.1447838968269546
-0.9916630479164974
-1.1779737870674765
-0.890867574201282
-0.6817342188433516
-0.8660684062380801
-1.234496494794911
-1.8325978089869512
-2.360396655245547
-1.3751550638324348
-0.48168834250479714
-0.2600441625949357
-0.04524398242616419
-0.4418266096834441
-0.3267016549285628
-1.0066103272313307
-0.5571312621698055
-0.0818376452943239
-0.8084517910196074
-0.5089100394956824
-0.07976839115970967
0.29091321230730016
0.5360307423092742
0.1091800082918013
-0.6031810300321302
-0.02294746645099776
0.5886293135284276
0.8662161526582107
0.9707426468388379
0.7999481268428121
0.6598484207815695
0.6021567421604496
0.816495539032701
0.5035304143933044
0.7882891808291429
0.6224129106797078
0.3027374024755138
-0.9449467565628467
-1.7479095992173366
-1.3312004278521956
-1.4595610142955042
-1.3963423889838602
-0.759485682116095
-0.09357528879700164
-0.828508883833605
-0.45763267835832294
-0.5928067883032694
-0.6269395130489938
-2.4889952830919295
-1.3963173599018324
-0.5865657356880699
0.03620879711565197
-0.32755638824805056
-1.5386677251188507
-1.12701692455475
-1.2017228035172633
-2.1124870437615035
-2.203422913747331
-1.5903959508847274
-2.2542280293861117
-2.519286678668275
-1.0449685822925476
0.07332631856370357
0.23061267939522953
0.003636694019783511
-0.30650158763624924
0.408083979862868
-0.3846588640939215
-0.050881861244128704
0.5033958147705141
0.5392816135927461
0.41557920227206385
0.681912360402263
0.4508737784421213
0.5834585084574749
0.45566438777372176
0.43095952824599526
0.5375408342193267
0.029457832629523593
-1.9343678589161488
-1.0248542468336324
-0.6753475230959832
-0.008828829073017849
-0.02044102180104212
-1.1026310019875332
-0.4591801628085975
0.35397504684351627
-0.32205239196449026
0.5374269451671461
0.8648890531398019
-0.30934161494483253
0.7768239705855238
0.8790172418511368
1.1022124920360803
1.2676391884610854
1.1853626289252446
1.1730937508922312
0.7569464195355355
0.8709140850912098
0.5335000805864245
-0.4373040092702613
-1.623755383804796
-0.7473217549692825
0.29363280275303766
0.633809013808035
-1.70537323132935
-0.6197320124289483
-0.5068910971288173
0.12189802240899181
0.4982246258636204
0.1781936935383466
-1.5760293120083486
-2.6974723373292875
-0.545787958988843
-1.722477781285714
-1.051864645225201
-1.996210744476067
-2.8152895137947187
-1.0037371522812848
-0.4201579754572436
-0.8536191625498873
-0.14946531865926088
0.40040859375028953
0.370067284697549
-0.037236641910779904
0.37634725889114046
0.6293063618434824
-1.3306682858379972
-0.5192997660807542
-0.12364606622546608
-0.32775791839098667
-0.5253299290417752
-2.2859673886343126
-2.590407968247648
-1.8860583590119797
-0.9982812969891521
-0.6638424936808067
-0.2533528383351192
-0.2503309356678743
-2.1870291185262776
-1.2756829848143778
-0.3038314594715623
0.13298601107179547
0.2372284080686879
0.39474862855467296
-0.20698018917593353
-1.0410241349075713
-0.7213203305867047
0.32935905677114
0.6046598887515486
0.2802029442517065
0.4406977184994977
-0.19333409281007463
0.10749583784586879
0.1550924004892203
-0.019313331627048225
-0.11676516067913634
-0.3445031558355936
-1.65802105354682
-2.096693636366941
-2.6496839689227674
-2.4243859206008698
-1.4069564068122424
-0.7672236950831489
-1.715295946516179
-2.281854052152307
-1.1985358392176388
-1.9579193959784549
-2.1882509564979786
-2.1955242722950867
-2.179039629901741
-1.9593694883645207
0.0017714779616933895
-0.5701661281912183
-0.5120256881705146
-0.3475191238749067
-0.7863438587405196
0.2458343282773117
-0.09667634681820225
0.37406553472003873
1.0223103513139624
0.9295828646633877
0.3844630396866917
-0.28264772065149585
-1.085992034833479
-0.42664379143148634
0.1263093258346515
0.27762511094359377
0.13924760786183768
-0.1136423564819663
-1.1750730144106536
-2.111162709665901
-0.6982858416605061
-0.8826938469522136
-0.950247710459801
-0.8321499470767056
-1.3774973709025657
-2.468857889847317
-2.7265703865614483
-1.3113256283924521
-0.8196519979318728
-0.870598641170822
-1.9424205727809982
-1.4073008133060054
-2.2192934638381696
-1.9289601377998193
-2.1631374430500747
-1.3075356733325962
-1.5126379529296223
-1.803976589084873
-1.7198754019415818
-1.7986958006205347
-0.6186168794619388
0.010279106888550334
0.24244639237204224
0.37740479215849515
0.22127207170619972
0.2603393356091866
0.2279352719705457
0.16714264831736755
0.31919772347802877
-0.6301566928468496
-2.788317254095865
-1.6519164063860872
-0.5586571094556486
-0.8119690983613641
-0.7296842065435823
-0.7130370106712139
-0.24698776034880213
-0.8396166697490067
-1.3101743429395605
-1.4798313979661204
-1.9475736449150813
-2.5842133976628694
-2.595620443443461
-1.7991707920050437
-0.8986470774275207
-0.3937829130544427
0.20526781114013695
0.0046571120390223
0.06846671659306444
0.1916792965687231
-0.717029922473139
-0.013671969499558567
-0.17255848605054375
0.5976849671298312
0.10947679697882932
0.6025331708743581
-0.14442514201493417
0.5049902091069225
0.6385308934682803
-0.18990137668723275
0.3796588619266789
0.4875940886594171
0.6190404037125923
-0.36411676353763484
0.0028993848855182517
0.2794373196810363
0.4619797075241283
0.5027728494948431
0.46866653932102587
0.2294393605107326
-0.2476722669502571
-0.28311659669628175
-0.23475994650110724
-0.08952633832776245
-0.010640900721550215
0.5250301253012347
0.6066310604450003
-0.2188745377084963
-0.6741142913633735
-2.2699526236028484
0.09425314548543413
-0.403224939541026
0.3630585395828099
0.2521410348052401
0.20487985186624919
-0.8068639276379602
-1.0710301400175803
-1.0009882146441458
-0.21639778775934657
-0.46134830027385065
-0.040830582367329046
0.23907648478674112
0.5105727914271012
0.45241745827633006
0.3537352941204551
0.34109403560578044
0.1588557338051834
0.2812600565173197
0.08571993053766366
0.4316131307992083
0.3322749437706386
0.4299422180095142
0.25456865362411807
-0.2817776020124604
0.22070977384056753
0.35567874381782016
0.33772237364947866
0.18833352060671754
-0.05383478888866878
0.42784516300145836
-0.18517506959433958
0.017789522904653958
0.27921603039905174
0.25079427517198993
-0.8437491060606956
-0.5286514586283915
-0.3708516465471627
-0.1618305496406273
-0.08647556713061888
-0.03353062220143509
-0.0102260374739092
0.08733039023793351
-0.035603379692272924
-0.43463376015711724
-0.7473896775166378
-0.3876343486432445
-1.399204231379999
-0.10277129034259723
0.6255581215182185
0.43791613524737877
-0.08068991814063593
-0.5389161939099683
-1.1778651224419154
-0.651864498413657
-0.02331298780328845
0.25637101134261964
-0.11241982548091063
0.17114126156171738
-0.5451007968810132
-2.6018528392450255
-1.4426706323793674
-0.760520721200608
0.14580970494403883
0.13739895897355744
0.6140291932561984
0.18620449740855924
-0.1831483228527447
-0.23992243357144444
0.11571814008659212
0.22425992271249492
0.19639600364696289
-0.5915674868115085
-1.1733536749376594
-0.24054578438689544
-0.510042725887035
0.13157839573847324
0.08961707461051073
-0.3179539569267464
-0.19464877606920572
-0.3621330330945489
-1.9780782530394179
-2.478753358722247
-1.5627548500874846
-0.14865961490502802
-0.00816378134963806
-0.43782443690387235
0.3641891270516196
0.4672436987270613
0.5229807519680105
0.13320639898255043
-0.5672359969240536
-0.4943284945211068
-0.250446981399428
-0.490775116325971
-2.3157970702695745
-1.036731589413994
-1.098500877910888
-0.6834219381548201
-1.423363463806118
-2.325936355227762
-2.0896454639722073
-2.280110646130425
-2.556254680805391
-1.4065483238146796
-0.2963268267522273
0.14700445055301384
0.19211865511258822
0.3538198926825301
0.27600263291570193
0.11922209790338292
-0.6497883606040876
-0.6814361119963591
-0.2673836601826872
0.009969870042990919
-0.20686109006535017
-1.5689282700841793
-0.7958759728683662
-0.19441901775122464
0.25570973977607203
0.5844574583508814
0.4832601454700762
0.3484678836160692
0.4615414539110477
0.6845304597187452
0.8965795015661352
0.7180940389393771
0.4176217172002596
0.6473962347754614
0.8303006656900825
0.9062382572868575
0.10819829669599383
0.20574655560829036
0.5277741678254088
0.5138409419451094
0.414044562779225
0.1977161387142062
0.08497079262551897
0.4232657853949116
0.3702614696274329
0.056317730897510625
0.4557355222818167
-0.1462741616424022
0.25885252877899934
0.12406688462177634
-0.11421481498925982
0.28988656070709456
0.5521359889110211
0.47298295454048245
0.15635102105318263
-0.3569170464375258
-0.18096645851385973
-0.41868552498119305
-2.241794229019008
-2.39938884111209
-1.1292747273564583
-1.0921808192847313
-2.4392630098060186
-2.6575961360544795
-1.149553647166657
-0.3110100838624469
-0.47169928673446737
0.10384853415540184
0.42406017674677904
0.3102012013914744
0.19241969466086592
-0.6703403344286278
-0.7942920693556181
-0.17536437028134652
-0.08802315783720471
-0.16239284623263514
-0.1442682850113267
-0.393316792956482
0.11214905438096227
0.08125518970445955
-0.5476456737053894
-1.205269188113454
-0.705231030369101
0.43828477259906967
0.1677103900852454
0.27771101111917157
0.5025342900872953
0.7715206382007648
0.06909991464068074
-1.054047509429758
-0.4200635468490449
0.0004134183209201437
-1.4393340734641316
-0.30951622640287874
0.2042404945378991
0.042119793153256944
0.2956289943443628
0.030601516356619746
0.16552821824152675
0.2711585959730773
0.21285761528838623
0.17900483511869533
0.0725188518283017
0.4797923461727673
0.04654185024676273
0.094992639330955
-0.18957282131121062
0.033302045873303925
0.12225360892932789
-1.338976709188098
-2.582208397614339
-2.5983564647603226
-1.0922221555118659
-1.357948726328902
-0.12031052812238555
-0.2373897106771628
0.30629765126511577
0.1426005607985515
0.22222101271586708
0.06388251411464729
0.1404012465873854
0.09105860272720478
0.12947529697021104
-0.9116031460503273
-0.3576428360478145
-0.38548502851177696
-1.0497485768158359
-1.947451991483042
-0.7507253355792113
-0.16409880784751132
-0.7651784111858806
-0.5937469153233891
-1.8599760566368313
-2.361688347276604
-1.1689544141111807
-0.2993014836051972
-0.33145826200712986
0.0468854860856768
-0.37628629221739957
-0.3956381682266074
-0.11475632202259228
-0.0011201063352459398
0.11953228934423933
0.22591318281986472
-1.008525312018594
-0.21183453823862572
0.23680494787535328
0.035064605782613806
0.2735751322274163
-0.09867996422801835
-0.3879365736736041
-0.5264385643325287
-0.6969453532111324
-0.5609862849599777
-0.4788854245078854
-0.2677823333423673
-0.7990782904621024
-0.35769819830610783
-0.2506874526630262
0.3012436279091112
0.7341789778542971
0.7923698622690654
0.759941426605977
0.5499711600200982
0.9022755191154607
0.508107601269084
0.1277272767597686
0.09951323719310295
0.1175955858923582
-0.775044758373187
0.06583755702456734
0.004581975815108755
0.15507394241717679
0.5916651862960033
0.45180354643120746
-1.141873712248108
-1.569962024628379
-0.03501748485393842
-0.9896967846636338
-1.147584606158067
-0.6188266760004415
-1.0995009993477731
-0.9175375565675846
-0.28326920753792834
-0.0717797558262892
-0.3116605447660634
-0.4297930058694222
-0.7735288400716054
-0.5299693271375141
-1.9666832874281241
-2.4120446148376593
-1.193564812811024
-0.389426169992133
0.12681050473078737
-0.1245087991843149
0.19511266547157116
0.2371518891914022
0.4370090503723206
0.380501621391685
-0.15703786549208526
-1.2404638201096394
-0.17552297756006197
0.23277840633542615
0.21686745586675849
0.11364552813920464
-0.7173191666258554
-0.2109539017274887
-0.3682625770590551
0.2055443650698831
0.3505181752966779
0.23352809511372113
0.5127731154403025
0.2812118515540129
0.26002415711706484
-0.07422894071203869
-0.4332950761031376
-0.37534300786835273
-0.44916333268679437
-0.11688101372027483
0.17554806786034063
0.5498041924243078
0.06846498290543762
0.5070021139768109
0.9599322554831307
1.263550924893131
0.864849134254078
1.14511562662125
1.213224256315876
-0.24179611883920055
0.6042285547244896
0.599969665168465
0.5832882768223107
0.38220396762658715
0.12096910929046154
0.493193448896968
0.15824689597587846
-0.08595578464422861
-0.390647626510101
0.17959456684443587
-2.639136248737167
-1.6795112989976486
-0.22886707455729197
-0.1797761628652283
0.3205452954246933
0.4047328434685856
0.6089876768372804
-0.6835090139647253
-2.415999439005438
-0.45501099360057873
-1.476420109304552
-1.5010039862623115
-0.43078344217542375
0.42933202883058763
0.5914955021628192
0.4143946975787191
0.13995427093522417
-0.6065143422688937
-0.14594261951701779
0.3984449523938811
0.25260754774576033
0.24549279629559964
0.41972441448784514
0.7154792133457503
0.45698219665274303
-0.11578223396142673
0.26474184836594983
-0.9554465019526656
0.09517504934673107
0.31153393292863796
-0.06332715639111314
-0.6027612569012535
0.39173558254169855
0.5219874797898991
0.22836650512161857
-0.6611835775078807
-1.1461665483610346
0.8895056641136828
1.0478166607391413
-0.36776306105059764
-0.34694166853625263
0.06692987881653532
0.5380449800030495
0.7140953386067598
0.6315378491535143
-0.59363588484537
-0.36282588638014496
-0.21303666741204197
-0.22870412405933946
-1.5371673514369109
-0.2552050162665699
-0.32751145927775493
0.30239757035334597
0.12406322332717074
-0.29776834015572945
-0.9806925499461442
-0.061590634715203624
0.6876023713352375
0.6900744917855671
0.518986789995759
0.842795133799619
1.073726264730931
-0.39028371947930757
0.5010219480388054
-0.5287149191306103
0.3568105735963837
-0.40739283022403033
0.9737482537654009
0.7185599148870481
-0.43189323410006286
0.2590738744106339
0.3315205876302166
-0.015102489457506404
0.25172687461278465
-0.3917517789386641
0.8652868774455641
1.1811394093104377
0.046854479711906045
-0.5197699297884222
-0.7642999909376648
-0.7647678969112901
-0.3023233154332539
-0.6391853911019559
0.14594055064375697
0.13960472118039835
0.3514221222437216
0.10715166272156605
0.1411611967230615
-0.39030556922313264
0.5051447172539194
0.2832593074722209
-0.2635919255838908
0.5186091207974164
-0.004664841364087247
0.5612719747253151
-0.03223842440271935
0.9717302972579903
-0.4609669075440543
-0.5451448548998246
0.0626254114243917
0.15679092350271112
0.1792971035203033
-0.19192558405811916
-0.2774538687221426
0.010255541248103371
0.4090332922049808
0.4544045503042187
0.7821225885889224
0.7167097056067976
0.44204035450358425
0.8617485036574234
0.9348268292903017
1.2490035926769918
0.6932849866875536
0.854839044788502
-0.620347324031118
0.20325860008741112
-0.4600471308774553
-0.1275104120430877
0.42233052585183156
0.5042373072352767
-0.046072852953826175
-0.5705296366076055
-1.3039387442888184
-0.3060212151816153
0.2804112864096501
0.12529203113239493
0.3183760029196155
0.6067692025113144
-0.08852521271450646
-0.1615423179256924
0.13441383821782224
0.4300842046499636
-0.059017883600621796
0.42600832479819384
0.29182074710683437
1.2147900776688718
0.9880167363571042
1.0248755082055252
1.0402525398061313
-0.2665461330532655
-0.4484405745045235
-0.46882043343728963
-0.09472648534246676
-0.37473947986198275
0.2612323091569285
0.5671509651232431
1.1058155848699904
1.2313822084253565
1.2471854728955079
1.1309669384754264
0.5706345045716482
0.8751935220181627
0.9997838691330206
0.7473986014675754
0.4560683010182474
0.51391831477553
0.30607901832794154
0.2872454373038182
0.5560735001801428
-0.3691620399748676
-0.16652041552840466
0.24111730641833584
-0.3902317211471353
-0.4237643298949887
-0.5713637920520823
-0.3827735765279607
-0.8449445429180089
-0.1772113464734634
-0.12340011684453346
0.20467169387795806
0.13176904892580765
-0.0873840136156573
-0.026727599893715558
0.12068024133116123
-0.2848599955993364
-1.2033942987060704
-1.494484728630201
-0.9289330537213548
-0.9533403325471066
-0.47318131518944295
-0.3649121541144526
-0.5417552802709326
-0.42584911659247304
-0.5259771330155079
-0.42977364011256314
-0.02998205041441014
0.21268839381620347
0.4448080596651256
0.0302069603688949
0.12285510567063544
-0.019706283272806203
-0.14417349075203462
-0.23302867193517485
-0.5834965252492751
0.5206989655510231
0.7751892079093772
0.5230980718753205
0.6519712401007924
0.5399007296518981
0.3403837544248924
0.4934399799936579
0.5192846580574028
0.7172001063647577
0.8126616333380048
0.5209861563715856
0.5567566615116194
0.6342468167536235
0.24782857375487402
-0.18070713324331403
-0.2560848433476736
0.027582751400899524
-0.3704721698417242
-0.26679496211997045
-0.1300038105343184
-1.3609590051218472
-1.0322654351143579
-2.2806975028023695
-2.23827601551451
-2.202612194686868
-2.284567527074857
-2.0829487133082343
-0.7085052711952761
0.2703659718756292
0.41430351166906787
0.35650645510674195
0.2744340849252209
0.41548763713053893
0.6648619991157919
0.7073446850222942
0.613278065625312
0.2714004956822525
0.41403595820399547
0.050384440970535994
0.30830428440011803
-0.1828832798638645
-0.12737813002163073
0.3585138145994855
0.35426442824552923
0.19688671629693683
-0.6579428119914279
-0.18151147947303822
-0.10143040978151398
0.48853734202026383
0.4942042023123195
0.5230894748039373
0.6185567624582653
0.5215016476873039
0.31367671773647976
0.5696523879002593
0.46957304321188575
0.09718977957715874
-0.151937377593519
0.27691866690410527
-0.7248234164350574
-0.15888986764166121
-0.29989477120312463
-0.10485272713986044
-0.8181639207870881
-0.48994338389779696
-0.5241891803791019
-1.0005633413073176
-0.3415449896129742
-1.3948521155994162
-2.008742781187764
-1.1794374518580837
-1.913584534973668
-1.333106256263472
-1.4094207873307576
-2.54597852557192
-2.559716140336921
-2.60746583111514
-2.828385916022779
-1.9041863515825288
-0.9050215746428683
-0.17588809963611005
-1.5210132668785992
-0.7312736425056914
-2.109740443919626
-2.174277514698687
-0.7508292861932914
-2.3278884950060093
-1.680904573716902
-0.975330096232702
-0.004269638849679921
-0.4566221392764975
-0.9337815637330017
-0.8821453548430772
-1.5543024367285023
-1.4206397996191458
-1.3323922366313687
-0.8705549940150891
-0.9787867884419883
-0.2431849134602144
-0.30293263367036505
-0.3194702598721866
-0.34729487143313925
-0.0680967600312629
0.3046588957578069
0.3841147722622764
-0.09853027361134718
-0.2348521629206911
-0.2330989505587751
-0.2826523036303058
-0.1589784194935531
-0.30129332561976874
-1.70465633232198
-1.9340019913619937
-0.9792303237925473
-0.4976897028979294
-0.39326753752032895
-0.28787663806090835
0.2660924034760508
0.03350873952192146
0.28282942043811216
0.4490368080691135
0.036813067298953665
-0.9489787565082184
-1.3681855342739346
-0.2732899601310683
-0.2875756464904574
-1.006445036506506
-0.9621149640583676
-1.1721962451168715
-2.192001585196142
-2.048569375421045
-1.302724583075779
-1.3229769705908643
-1.1693046111439023
-1.058260247817616
-0.5585187830300544
-0.22640219916733814
-0.11866478769877728
-0.5891527835351087
-0.7244930659130885
-1.2554118823847085
-0.7569592926300511
-1.3082157511732917
-0.05427741921801309
0.07034284770802908
-0.908989851390961
-0.023978896954318978
-1.004822121446798
-0.1581501537050998
0.4067252533391808
-1.0015477445575078
-1.0565774313277008
-0.6392212417537052
-0.08728711693505183
-0.8563440601407427
-1.769726311812709
-1.218475278769311
-0.8223368086573217
-0.867515099473115
-1.1362921204483207
-0.551944870746627
-1.4337730734511842
-1.8319707501320688
-2.6397283126052953
-0.5186440673516403
0.01081089696093154
0.31607674057868423
0.5834866422351224
-0.11140331103154555
-1.2656677612624647
-2.1631838191959423
-2.395366273669705
-2.82226306472397
-1.269227764033935
-1.5935785305586863
-1.4033705339047395
-1.5511202619106095
-1.0815345576803643
-1.601739897255878
-1.0708386594029302
-1.8093258245392951
-1.510895596438537
-0.27902745415399377
0.05074764859545512
-0.19474076694506592
-0.36261170351125177
0.0891874427142644
-0.7757510118204015
-0.4271769892032336
-0.436114599182602
-0.6859493889101697
-1.1318167106134465
-1.3714625375687912
-2.4122883960991666
-2.394181805905671
-2.3381226161912454
-2.6114263668797593
-1.8058417436160197
-1.1029645762760887
-0.7626138324109415
-0.35256770625093725
-1.0192452626379682
-0.7576185628774638
-0.10815811536435846
0.02385053935156539
-1.0248430308762346
-1.486778202748394
-1.7242899475287334
-2.284598395124764
-1.2468280836905201
-1.8337694943514256
-2.385074791830192
-1.7252987190753382
-2.3346092922819683
-2.3767426424331863
-2.14667323300686
-1.7018802163896352
-1.476812151061972
-2.041011113005598
-2.3057597853886813
-2.113133360081524
-1.356791184105696
-0.8080178675742435
-0.6527657037093528
-1.1019873135125202
-1.559793357065779
-0.3924829732098889
-0.16319922163068423
-0.06670929859166981
0.07312552647799489
-0.2210456354073735
0.21820326161912784
0.5561868871768604
-0.2862796433217606
0.21023660192961566
0.7620681692346095
0.42932543742217305
1.0416409902075565
1.0897910028117275
0.9088529779925831
0.5548285686678812
0.6723929568367383
-0.35413599373836324
0.061081313539664644
-0.6042035431515169
0.40961555300816227
-0.4167756298002092
-0.05623517728671725
-0.03538197088320554
0.643096487183155
0.3874326807163427
-0.22515302875249568
-0.32978695086462406
-1.1145075333821872
-0.43796120278860773
0.39053008536762324
-0.13949057251249014
-0.05892224877291588
-0.35033712368593267
0.17071560891954102
0.5634376389418219
0.5652851746790347
0.48413316944179957
0.5686982991864133
0.5591133109752126
0.5377203609904707
0.02095696721067374
0.567101169124238
0.6158563320159818
0.5194678479978571
-0.7567172529644274
-1.2431844900095552
-1.7781814229461974
-0.8400890865242968
-1.00174423638612
-0.4702237965152746
0.32728094939781727
0.27899242096658655
0.27482632874429974
0.45849223296647135
0.07769890129812276
1.0591689625547616
0.7604850595557274
0.35437028394567394
0.9541336871042455
0.5442858497912313
0.5236277427282325
0.649829920677366
1.0887585061678338
0.7507256242784559
0.32817279352621653
0.564199821993873
-0.5108236845096288
0.12822832904581752
0.343064058855025
0.5261439124974018
0.29338839921879806
0.3907890666454776
0.0914257365459327
0.3863770424092819
0.16299683005424584
0.2892715251054771
0.15246318438937387
0.8408201340418182
0.8321484412592606
-0.45868921548656033
0.3893050111698126
-1.0377562327915955
-0.44415307826615036
0.27654370392449823
0.7962364612102774
0.6269474379992696
0.9551805045310734
0.7104080847841814
-0.37713181598060136
0.24755136471341674
1.076025752927391
0.986438341234086
0.697116357483419
-0.46202555767840314
-0.9356956843215356
-1.7284227919188482
-2.1312642480627138
-0.3095641778769631
0.8526684023381277
0.6181903805630807
-0.9579362310755573
-2.3145663669186516
-1.8559689282115333
-0.4146747036919183
-0.59995492300594
-0.5758230061275588
-0.4413031803847869
-0.635143393816599
-0.2566026266642143
0.4927807371526156
0.27870001239106984
0.4407553416238157
0.28212367912822445
0.33501152863962197
0.5922598209428878
0.27851919457019897
0.4714531573362822
0.8747150097429124
0.839637278573622
0.8049826083546833
1.0808473857660281
1.2689524304374686
0.9629030699747595
-0.14196681793999721
-0.03475012235805802
0.10914832834331367
-1.2175316055393524
-2.0097261294961304
-2.7388411317540777
-2.847364792748541
-0.917234799570819
0.16588326094464056
0.5882332355106222
0.7066180412353963
0.628968147525941
0.5467600782739386
0.6384210939157076
0.725396984275415
0.7872062546493573
0.7957442913983858
0.45951175523305404
0.2652432972917017
-0.16601960422395906
-1.1719396149259493
-1.790174724596609
-1.949096679914867
-1.7986312466321643
-0.7944033704595206
-1.0504640002810581
-0.7340118211069872
-1.7505319490718598
-0.7841729704551247
0.09621736442029515
0.3534094096611369
0.6228131500121815
0.4330377273672738
0.2540844499289585
0.13729487948946376
-0.008185286243008476
-0.2525928630497407
0.056149791646110656
0.41317868149093884
0.5295365853175347
0.7084913812067557
0.20582000402882805
-0.49374881802122117
0.5342689730039764
0.8475918580633737
0.9915035265281761
1.0965938149149212
1.3770395073533375
1.2607411715927668
1.313946578752378
1.252990662553355
1.234463653517098
1.3959530898796517
1.5454834588915751
1.160921390026478
1.639604685056568
1.363474617300016
1.5768886876317327
1.4941835466719833
1.7006627153933698
1.4087282071068064
1.600548797595053
1.6513951614578903
1.770558529583781
1.2129297333677318
1.7011953925416767
1.3963172086131956
1.323982026564434
1.210809480447504
1.2875247313390241
1.4925511897094885
1.5358548965523318
1.5557749749105132
1.411418860062232
1.7290889033088128
1.2012207668868675
0.9846392226014675
-0.3854491090349454
-2.2275334306481716
-2.505462183807512
-2.2670148709691773
-2.7765908285273846
0.23104855169528962
0.586911396682037
0.7608624359087213
0.36478432577256953
0.5940276406408241
0.8175564558505798
0.6845921020550315
0.8397764929630473
0.43140806874736637
0.24709870971498157
-0.07798523081637862
0.013127443821468689
0.402009451952904
-0.4093257724747331
-0.405451684464737
0.020909179400547238
0.7621860294751397
0.980813050091901
0.09367573511660576
0.34330492119782446
0.3180823232826969
0.8032745343519291
0.88165303259412
1.1077174639905452
1.2536301290153218
0.45774527298830575
1.0087000026502146
1.376759493853424
1.2259693690623041
1.250214986150467
0.7679189813790539
0.7124512595223684
0.8137026824452603
0.8950271269286072
0.9915640542897968
0.8478567376983808
1.2456705092283178
1.2414197072326307
1.1869445320982168
1.1466972817577281
0.4136396405105563
0.5613595494206709
1.020172915747115
-1.78177548824279
-1.544647390304329
-0.9664737139052683
-0.21622171461110723
-0.6721138692995584
0.2950513499164476
0.4158840565967424
0.17732987359578598
0.8931628625392539
0.9156056943088354
1.059987287616497
1.4484821160408656
1.4476137925972556
1.0724345282805066
0.5503428587599887
0.44343266410485677
-0.9648781643331088
-1.7530138920594274
-2.654899417300511
-2.3323951276401145
0.1767704496672808
-2.331465158606868
-2.0866252132051923
-0.5572544426881005
-0.6308765453235187
-1.573889796074419
-2.772406436837207
-1.7713705613708866
-1.0796371026432627
-0.6747083559335838
0.16491892390917773
0.11755025619660635
-0.2896950477731213
-0.9375444908319313
-0.9001801104773419
-0.026972363246476956
0.393011073777175
0.7597315509766009
0.8668971314664962
0.870379552922914
0.9761437989703008
0.9095908427030167
1.0717533450914065
0.1358604984948108
0.31147941218594577
-0.43036819643099433
0.291078061927433
0.4466408020370342
0.18595020132431525
0.4146485234702206
0.9932766130954519
0.8149232152468884
0.1670333856665906
0.9799893613288375
0.8636860071886263
0.7304113178907723
0.0005892071706751177
0.1657574924796546
0.2896139509700663
0.2157323153577309
0.17501766127288634
-1.1916115795031519
-0.9714888544804213
-1.838202317202307
-2.4356146557374134
-1.016196233652523
-0.8560240946085427
-0.6688417363390248
-2.474892350404487
-0.6232013009981531
-1.2176757680312733
-2.2535299497748746
-0.2132997810418822
0.1503596417778654
-0.3472759771123433
-0.3050051443836403
-0.9660009057006212
-0.847883631297096
0.3348324065551939
-0.9025872054550474
-1.067442875192405
-2.2273524446840143
-1.0868899822414413
-1.6870249101015233
-0.41740358247114145
-2.489361877317174
-0.8048761568391986
-2.0931600837205093
-1.4565402121131534
0.218278722583129
1.0656557223357759
1.3881791939006218
1.412208840366098
1.287485510163462
0.7423677453037634
-0.23593617870585745
-1.0408585939822013
-0.45847791529914483
0.35561957872589567
0.8380202802015566
0.723664086935452
-1.377104930867099
-0.26929626981461263
0.6830961136619471
0.6959226980314939
1.048853335005654
1.1264877110029712
1.0533538860230376
1.2721568616450127
0.8651560932326399
1.234216636877114
0.9796757699310341
0.7256120475407514
0.6848396697167772
0.9780173108089507
-0.7295310592759492
-0.4389355438795116
0.3077050946799303
1.054045595893684
0.3793148543217618
-0.7727182055238848
-2.845872638493038
-0.8552804071210255
0.014722435300520063
-0.6088574192558619
0.8462851488155813
0.961783306075449
0.643579021218242
-0.008773549701013685
-0.042116830367665656
-0.15949738606467226
-1.0783503250732536
0.1340316409084056
0.5345994902994278
0.9869533752611351
0.2560397452604659
0.5022014678464649
0.41524316649765614
0.6504362340249603
0.3285419901621358
-0.8531658310644596
-0.5418593558688062
-1.4319571622681366
-2.406560612833525
-2.505736061921831
-0.8114476869243201
-2.4668766313859933
-0.5778261530763864
0.5653787121243803
0.8787463583544298
0.7881048154810839
0.31225388938028037
0.6145070699887448
-0.20938029410169165
0.5286678668588063
0.6829287507035275
0.39228355271310716
-0.8936672284964692
-0.489425957805326
0.0460272826595536
0.07206870556794719
-2.5548723830870728
-0.7631785610388843
-1.7348510739912932
-0.4259553505675727
0.5070237945978053
1.249303997871291
1.180108041867256
0.6139740529142245
-1.519300651175499
-0.43785350578212595
0.42315549735977603
-0.11164956964247527
-2.307893449027115
-0.4083027873992515
-0.5803272625745945
-1.194892917966629
0.2253367133721886
0.3089901922834206
-2.1616503348463194
-1.7985845777360467
-2.6410088696963494
-2.3826497399311934
-1.0569099786022225
-0.9416267097228872
-0.5956332762876073
-0.5248630227677787
-0.5845600597239327
-0.5157925289574183
-0.5707915878004527
-0.0913963878361814
-0.6025240320334506
0.11260937134212523
0.12460760256618666
0.7462546542230354
0.5287324042262033
0.06278113231109717
-0.4993991239994823
-0.03426022598963088
-0.5534235798234316
-1.486079552065121
-0.5772893208757319
-0.6174610861077167
-0.7183188192487399
-0.1579256068217848
-0.9574236338349805
-0.4517412954477519
0.05385759912309372
0.705906042736108
0.8923232800457326
0.8911113668482501
0.9109254359933547
0.9982502341236055
0.19170171781805245
-0.11129263083153304
-0.05668202189824105
-0.3582716651043033
-0.34491684965206754
0.09252311067012896
0.2606727402206038
0.16053416958673944
-0.4564113483550555
-0.0030745424131205425
-1.733275393052254
-2.717735509341743
-2.5726656032689643
-2.640989618643761
-2.4516316656583346
