0.38303447260691914
0.3467122379119213
0.01708383444574002
0.22724051004951906
0.38037080459809525
0.35331985747552264
-0.025628911873736393
0.2869616445687676
0.027805412504497418
0.3602248144444101
-0.5757484889353692
-0.5471488314811305
-0.23543919194370055
0.058062823877309655
-0.058207929276513415
0.02392964257937147
0.26516842064083523
0.4092201256994782
0.4018942315665607
0.7586496256632306
0.6426527033159327
0.713923059761897
0.8982570828642743
0.8241189742485878
0.904267059187991
0.6936843171227484
0.8830626810833363
0.5535121917030216
0.44408712404463613
0.2744160936207082
0.31053396110258513
0.6655016998534659
0.4026270987943007
0.5706787198325768
0.6274925405367867
0.3730391892508923
0.7179946903199256
0.5334272175142064
0.4772291328918806
0.6029414523224613
0.7403021682135748
0.9101319435551102
0.7378257238266769
0.4777395690213625
0.5809366286693894
0.2928477660182457
0.6761792241536849
0.6496025377992419
0.6579364630821575
0.44921999492066955
0.39656391978190697
0.3823775606479166
-0.021316618137558696
0.3543121562843786
0.18700701824777088
0.32890020239381157
0.4517768074286993
0.20351833582626788
0.7630790175081131
0.6150795389124349
0.6170910738777643
0.11098290257750387
0.05248025299221193
0.033314714578791316
0.31111896212105694
0.03903847758057488
0.04257690049823182
-0.20703207037885785
-0.436188123715155
-0.17823695874807255
0.14901891784584598
-0.31694084859643057
0.07831865329189591
0.06578621379558591
0.5600340944198997
-0.1295846421920691
0.2880713198894026
0.6594674944610698
0.8175429459224516
0.6384002440547548
0.7464537472210951
0.9585204480975399
1.0520698952248986
0.6340881087627467
0.8831729554376345
1.051718304809747
1.2835744893159746
1.0088992870508102
1.0146493311426474
1.0326054566829228
1.1796432971327921
0.9404733490327187
0.7929385302188484
0.873079367684875
0.26656311661807053
0.4721065095129805
0.6349464515536815
0.7821791064557714
0.7666826178413241
0.6672881768410056
0.6839411779000845
0.7040656812267342
0.9798496674955693
0.7306488865790354
0.9205374072917162
1.0652018519411466
1.1969628294082963
1.065225410441415
1.060886321647839
0.9607997597393033
1.0073665495828426
0.725271640200266
1.018227605249776
-0.15972612613534365
-0.39915895974751325
-0.3603524551655318
-0.27231310980813195
-0.24199695237209806
-0.06575066563618315
0.17178522941908303
0.19732594461471187
-0.014890035028512494
-0.18052630371469103
0.30710047822610387
0.2780822535485207
0.3392620584024276
0.5455280074989305
0.6891913603774528
0.9642522400699468
0.6755727420891934
0.995516309554061
1.3155557556631297
1.159625572822029
1.0804340328362927
1.1404071002281149
1.2536525616586638
0.9084648027024794
0.5739090612880199
1.3292351224184165
0.969743290728868
1.1102890568330444
-1.097254958834843
-1.1913457054512429
0.2800454734737069
0.8264196093841084
-1.0073244400894268
0.5831566862052321
0.2931873144665659
1.0744411503030609
-1.960004459348296
-2.3316199750834117
-1.5528831700347476
-1.3386364115653753
-2.2021191321109908
-1.9764078529111542
-2.479361957389879
-2.3659003572347297
-2.135976433988055
-1.8440512341945032
-1.9633772963748752
-2.3425156494614
-1.8502450664311816
-0.7385303644589402
-0.12662797565864325
-0.13464316987484837
0.1874911390801387
0.6479487797852238
0.5308661565804943
0.9135355541262774
0.8758834448043215
1.1676249295871348
0.9851894217500156
0.5068653647161138
1.2419608743935262
1.4872726958302342
1.3476346690420522
1.3033981245092061
1.4608928589223318
0.7266948044670022
1.229772952844598
0.9089528802888002
1.2399760370015245
1.2737945234757282
0.27262134900199897
0.7928875791738109
0.9655897082010602
1.1475469288098723
0.26537971399224125
0.7044206727908692
0.6159910698472749
0.7773692912175242
0.9959920627326503
0.8903863290004507
0.5216777696880018
0.7285475715975572
0.33237660289115445
0.2860037526513016
0.40151706527700937
-0.5153127480590756
-0.08386451608574819
-0.16340685662637877
0.10753253059013956
0.2939676565402255
-0.2997929400804983
-0.20485779956086714
0.2572032825941942
-0.23618675161392677
0.05647972575668281
-0.6909158615763857
-1.1776232304525238
-2.3199076273779506
-0.6158446632778346
-0.30771039694431
0.2455656498347737
0.09348851260216984
0.36385272742837216
0.4290300457690831
0.4191531434415082
0.617725271310764
0.4983925119155236
0.8276593560522082
0.8673561933018722
-0.0744993718274457
-1.8645789321296165
-0.3892161214417995
0.14321597710185296
0.20356738755063664
0.6948682462606423
0.623331146816157
0.11323241067707734
0.03454382081385676
-1.186411630564728
-2.0988049410217373
-1.6325911150240167
-1.0781650388513813
-0.6759172776123583
-0.2928749458586426
0.1096213359931909
-0.014091026743157431
0.19788824531475135
0.29982222361975464
0.608838940177148
-0.8069595970210094
-2.0548064099024828
-1.5226158599947595
-1.468392406892244
-1.1499545255940977
-0.5744419675448121
-0.7723855804102118
-0.10205161752537817
0.36588180444769514
0.7323776300336261
0.21799305478104058
0.38578584016788764
-1.0153930101257016
0.010126594829696911
0.409408827433407
0.624512523070274
-0.28879943032053423
0.03296078552127757
0.10077602050212497
0.4775218652423293
0.8604798009716469
0.28860760172268496
0.10996594475464261
0.8039907157671099
1.0048913172711718
0.5912139861552733
0.5130021472958798
-0.11346794993847387
0.3877209732225978
-0.458366619168671
0.04126230477047621
-0.20440942821893981
-0.24364008824669903
-0.539247044186154
0.05057003174261554
-0.6371339369219617
-0.7822491124709818
-1.0532366893729017
-0.469410930145312
-0.9831372639514575
-0.8487064453043646
-1.1310969610506652
-0.603012264097387
-0.9816031094375882
-0.4728286843273285
-0.04974213570754349
0.21010312274942688
-1.3775864280985952
-0.26137877545035837
-0.45385020532624515
0.2368399816575667
0.48785364306534584
0.03724749410773143
0.2983137541431945
0.27271524317463613
0.7586278197768573
0.7747665360915615
0.881438291368439
0.6458824462852945
0.5780981329236318
0.0024902163284153955
-0.7099110067024308
-1.664771966824378
-1.927094982970095
-1.2012515408648483
-2.214821310465595
-0.17350928229997686
-2.0683237910434515
-1.6400667270690146
-0.6350333054333854
-0.475183463053192
-0.13632805203923393
0.23512056334387899
0.25072222478716866
0.4837004645660604
0.5379866094825564
0.5055706010911266
0.06297417503412428
0.21522036065547356
0.45409539271575616
0.7136107663619943
1.0021648836439199
1.0430474307372584
0.260605580042078
-1.8877549206205528
-0.3110974365735948
-0.3295360176713638
-1.952376615582129
-0.38863530588945006
-0.04648312504845509
0.42958829636742213
0.3371076265766336
-0.15560723204126792
-0.21109198628113524
0.28179009679250744
0.37990102319207975
0.5620454999814132
0.45445185685048595
0.4097526857099233
0.1562490693746491
0.5174391216354514
0.8012863913381133
0.5081144552621021
0.6940717238381363
0.7717269416870011
0.673567868966929
0.4015233958796266
0.2582482387493147
0.33729228879907336
0.16553931120258047
0.3861701397114964
0.2900997432823539
-0.526028761363337
-0.34496759858268566
-0.01777703448554535
-0.47484312885988816
-0.38969526835388
0.5689372269764882
0.9230085095023243
-0.2873834985237973
0.0098329321589683
0.5096898014477821
0.23640651096476983
0.8865935217332442
0.7396111989809625
0.4054262191753796
-0.012719397255810616
0.5803483703891522
0.9939232227265603
0.29372647823312603
0.44382816600126607
0.6442188761288382
0.6008637891379472
0.7462662482475882
0.7089460558835708
0.9359166344525821
0.62407961429403
0.1287641709382864
-0.18271961855649776
0.31157355117562224
0.450697903086016
0.6831161828204982
0.6698403093785906
0.13923250342561877
0.42080087163395896
0.9928703032731719
0.6150577059568693
0.6282583424699847
0.550982122587864
0.3516615566316005
0.4103451924036209
0.38248066154422056
0.5754978505308751
-0.3030652627742245
0.21643488333432004
0.5919091513847891
0.6775618715605697
0.5733618786815758
0.057847688900867666
-0.48295439396035744
-0.11152109102335783
0.3066058710633174
0.525408767871533
-0.019512533315335645
0.27013154975165465
0.24164734481503547
-0.41299275406862623
-1.3569112526464222
-0.9666732322235564
-0.18179927586642897
0.1883516647842064
0.3941447818225611
0.12015850693608887
-0.5523971544244931
-0.2399263700391422
0.061321645230193345
-0.1827471561425037
-1.149678765702794
-0.32316492250810347
0.22619495171358606
0.11514114591280922
-1.2148881173765105
-1.1962702971205772
-1.2599647312397257
-0.9980704564607058
-0.3868230376270485
-0.8584690674230326
-1.620064666749509
-1.604356721595965
-2.112877838761606
-1.204928736691564
-0.5532829052339397
-0.2795146939403641
-0.08866107963285497
-0.2791758988827786
-0.2638229027051818
-0.9973286453995267
-0.5205434280520355
-0.04650265609330606
-0.8150881799372844
-0.20414221511334874
-0.3087751389938457
0.038805702181852864
0.438531133861113
0.10294152411240387
-0.3204570187087511
-0.07849396295362643
0.31764891236174553
0.6005638054693644
0.7726081424938281
0.9047926723751197
0.7336306179075244
0.8404421357129047
0.8147386797731845
0.4138724623670317
0.6521323670690541
0.5124918389293304
0.3666253815146773
-0.8818869671692013
-1.6370432529334225
-1.0397674435591742
-1.2744095634716153
-1.7428447109497416
-1.2244449289870682
-0.125517434861797
-0.874138897906098
-0.5364020737245827
-0.5574213844613807
-0.5260463714264478
-2.5313350988343495
-1.4244658918926085
-0.4915584216752332
-0.012877698349152089
-0.22621886035186456
-1.8176938635680902
-1.5201675775345427
-1.2288779069237714
-1.9825889480385737
-2.191410100866206
-1.5627717838757005
-1.7790536719469556
-1.9041842594267813
-1.0176687437670051
0.08544780864258383
0.10102375087923798
-0.08891871186358968
-0.1710196552695582
0.34195122631721475
-0.3083594431983201
0.13406904530746955
0.6101329163628658
0.6367448469814675
0.5166280887524654
0.7391574875703871
0.5083169190898086
0.7249226424259961
0.5737138069760553
0.5185097094342047
0.49102797879795645
0.032250895186741846
-1.3543051932830958
-0.8703297986671468
-0.684132625160591
-0.2290396023518707
0.006425181526525159
-1.2212244654427342
-0.8263831793779747
0.3756094848936161
-0.11177797200226025
0.633938345497863
0.9377492301782092
-0.04915472894663464
0.6819717345385284
0.872477098932133
1.2493241110555529
1.300603870625376
0.5655423644105354
1.0487251239195925
0.846576914149005
0.8184394720596445
0.40537572814319234
-0.3759067869578635
-1.6217188079761888
-0.8462817978487382
0.14856830693853196
0.7421382862747387
-1.6119144696732661
-0.5681281624553077
-0.49643273357301365
0.13240879398182148
0.3272608023740672
0.32510750592818194
-1.968481479857053
-2.49216673975509
-0.5777404409776548
-2.318034831513712
-1.4755771719335422
-2.0713562201912246
-1.7399227358821387
-1.1456774043945432
-0.7891962003014992
-1.03789227220054
-0.15822237435070063
0.28341606605441105
0.3079840320856394
-0.06360608528278988
0.32270574250528183
0.6016895251611408
-1.180292596179327
-0.1719102884999757
-0.24145304315105065
-0.025902665475646125
-0.6612358005370282
-1.6053724364516455
-2.043473304678546
-1.752517331333733
-1.2848274914842177
-0.7126088569061504
-0.38732246160376
-0.5263477201573566
-1.6905560935595618
-1.1354377870285945
-0.5475670933961684
-0.09774905082191554
0.13526075657000292
0.32767534442010404
-0.5102646708008585
-0.6618742294168594
-0.6798546344486174
0.44976315938532807
0.36447552028231744
-0.01885415035843585
0.09527899208311286
-0.3163074269971683
-0.11532185650970372
0.012871852025987729
0.283620983955558
-0.012743815957936167
-0.5533010403141408
-1.4576369491189454
-1.4821837176084718
-1.3205093129354601
-1.7957447384546437
-1.047169314097425
-1.0340594897040325
-1.1857696319041855
-2.1158975985124777
-1.0894390438297756
-1.78564232184842
-2.3554858083665873
-1.8004803827483573
-1.862384406237485
-1.3004758854457286
-0.09263981874855354
-0.7686810577588149
-0.21218321905147308
-0.047965229088090644
-0.9605346645214774
0.2192003413856084
-0.2225151595615673
0.48485553528176617
0.9227303855472425
0.9808976950424052
0.06249939887868228
-0.1253407366546121
-1.0917516479854759
-0.380856291843782
0.005196671660704699
0.1692970366755967
-0.00751971076245761
-0.3837679829067887
-0.9791787939915113
-1.6602655167368376
-1.022640477994296
-1.2819019167399983
-1.4476181611093126
-1.284532454016345
-1.6029184211845264
-1.383901633148327
-1.6104327871437243
-1.534145198976772
-0.9601397640594742
-0.8658040825854056
-2.0205218222161787
-0.8403200767510548
-1.8304702318825314
-2.0058600063564977
-2.1668289141645545
-1.1054981239812656
-1.3537323515780162
-1.889028775995321
-1.7688750392648318
-2.085993307178623
-0.8513188746699943
-0.15870915913253658
0.43314329622199976
0.322150215034101
0.3651370799475805
0.27716858447483095
0.44422085464480354
0.2620853791488754
0.3044644931154513
-0.7967422027002653
-2.7537486276329917
-1.3522864627075686
-0.8155353798427103
-1.1993334524989383
-0.8158268570336746
-0.6802282703101808
-0.9224585088890328
-0.7032834218647975
-1.144242659878559
-1.2887923646209551
-2.097964348054563
-2.5030458164963507
-2.3489331188534206
-1.8257668558734044
-0.7081120087468263
-0.22969729598335598
0.2440937195173133
0.1696076527864857
0.1649392999571646
0.4580112358470333
-0.5004706053398614
0.03747317836492592
0.10172867552373965
0.6369168955142289
0.2274621637745592
0.6302171771075523
-0.09736110220905558
0.4716143521456059
0.6278686664579308
-0.04139889115693951
0.3516023482207812
0.4391613005508449
0.6483351586239953
-0.4677074325955909
-0.08589701856490572
0.461873925632433
0.5489459386363248
0.6523880689069587
0.6313537176453338
0.3272871994308445
-0.20723159354626175
-0.5121292011078501
-0.2700383756699064
-0.3765373696565984
-0.22110175403311805
0.4648437339095871
0.5585509816044337
-0.22585064959729817
-0.6183658722459622
-2.0284123487578634
-0.10654186192106596
-0.4058624813424546
0.42598261561313244
0.3480247931941337
0.2472494741249064
-0.21075733402387198
-0.8933957135273346
-0.8693707897760165
-0.21477079294697354
-0.3552287739148068
-0.08997830150755914
0.1937907412618084
0.4190264913803633
0.36425971478085295
0.2773321671498349
0.3636624801915135
0.3168203998449487
0.29719248627060535
0.08502099193070767
0.2463352311563577
0.2219649172709529
0.3299916957121919
0.22229735256304217
-0.27322033106077936
0.1964132114982179
0.39237092462621803
0.1233281300327248
0.11017655210593391
-0.048564762411132056
0.35191738260936833
-0.2875334764185341
-0.07187994759896243
0.271826167027832
0.08750066529771294
-0.9335623838522598
-0.49560770302864404
-0.350087697872676
-0.21404203556640478
-0.15971445946906593
0.04830652764358323
-0.05121207279307627
-0.07953861513938365
-0.0423331097644708
-0.49913652186288987
-0.6329798856123827
-0.24068573393251202
-1.3018221836357187
-0.13913999416581857
0.5461483671985566
0.5148789599982534
-0.19092599105302155
-0.6592036001301229
-1.4693802391840645
-0.5160573739560319
-0.17589215477332076
-0.1661241244417473
-0.30028156470721556
0.012503409828168777
-0.6150099615703524
-2.2678451702475817
-1.8708389015492677
-0.6241131608753641
0.10423042581385433
-0.013522724461369928
0.42878869247142737
0.13747871417836832
-0.10419448612283655
-0.10527674758437056
0.0031485732121502297
0.17778470506555488
0.04961388829304847
-0.5866364425758034
-1.1000796170518072
-0.10810486809457553
-0.35899445815729264
0.04495973122056329
-0.0997996318870259
-0.4917704277680293
-0.1276650577599011
-0.22079894780318077
-2.1927343686603216
-2.2177052182835495
-1.5619120000703215
-0.12114412537634733
0.008921257731955179
-0.14210401753436508
0.30318396666890124
0.4232525702162989
0.454245982676183
0.0908353845744928
-0.36198144302957025
-0.41030200862734284
-0.16889199741659444
-0.8763132984768498
-1.9705988361635534
-1.5689616006255807
-1.1739988442275069
-0.8738940158631016
-1.7225658897252503
-2.0245631724528868
-1.620327573119565
-2.2347180441743286
-1.8531137748282833
-1.0012615659529627
-0.7236705584566507
-0.13108696181836
-0.022667996105966037
0.3404182945728408
0.20003905040019243
0.14027014755998135
-0.7738663021303237
-0.5855532680240462
-0.15152062693843238
-0.21201457114872124
-0.6149539543031688
-1.6988639760514022
-1.0962066697790744
-0.1259272317227218
0.0015329582986370882
0.38647238516911
0.4648424958973877
0.2946023071322109
0.5771012514417962
0.7346991106751192
0.7741389851314316
0.81012556557617
0.35371820394952824
0.5387154481670328
0.5568606953118139
0.6691667742449358
0.01709882814829633
0.24563690264772553
0.33378161936734785
0.35404498372558957
0.3557321650244295
0.2984998593377114
0.11986281053801118
0.40657811371662966
0.36997788517956354
0.10107482142650903
0.40413311884065484
-0.07786413536366987
0.1677317041607288
0.15067136354700017
0.08757373622967535
0.3045014894835333
0.5449639593712355
0.44324295196539654
0.1679249638486705
-0.4911359536381288
-0.1678679653949725
-0.5318538475182886
-2.0133556311570904
-1.7768722626399347
-0.9958257480234833
-1.4952801640040336
-2.513169573188578
-2.1222613408177606
-1.3361795791901803
-0.43671061170856923
-0.3410519911625822
-0.11537040270427334
0.18959384644479937
0.147835108858143
0.23184369253995196
-0.962637854870191
-0.7160153351017939
-0.286218394800937
-0.15343925904929245
-0.3078575638997808
-0.16747766980745105
-0.7434920312089933
-0.07470732099213329
0.08876734584516088
-0.8684394360250218
-1.8157018310503643
-0.9171406235394532
0.48692572904630793
0.30710129701811895
0.23344047241216914
0.3807793469559152
0.7521088413453093
0.1711831462721275
-1.4592438787910424
-0.5424932184649656
-0.13305575519538793
-1.4504685831599535
-0.21557785015893782
0.01610988558480131
-0.16245644028854478
0.28538504581423674
0.21702659159095428
0.20629175142765732
0.31895960772948906
0.28779076298817274
0.29051090938172297
0.005124575049254787
0.3964879103560407
-0.03613065688781014
0.013937327501043706
-0.10916126898698619
0.058174905404449584
0.06060387342244522
-1.5675168852061168
-2.101214981115314
-1.942428754551285
-1.000498776843052
-1.5152084461057878
-0.31380057347547696
-0.3309909024931235
0.14201446413839447
0.13379396573425595
0.3153949755091411
-0.02138728475778473
0.07314358688253408
-0.009296570457403841
0.11182460141732442
-0.9567289457951083
-0.2875653563731717
-0.46300014229859593
-1.0210640352312736
-1.9340868249383307
-0.8493615366961028
-0.3278818705115464
-0.7041243596613668
-0.649244086417063
-2.271877307210727
-2.4007386022482944
-1.900777658359504
-0.38474279733126393
-0.5411731231701652
-0.03060285683041042
-0.3489384232302648
-0.3501934230515366
-0.279684341983892
-0.24561075209945904
0.05062376007675262
0.1047751416426701
-1.0960513083446624
-0.3586487456693813
0.15057875445542956
0.035417263900062945
0.3683737567611919
-0.19755911130477988
-0.5207104102050834
-0.6551875467856545
-0.8767423943434194
-0.6599671666523236
-0.5387772693245565
-0.5490252149645047
-0.8375401109951337
-0.26640348507401346
-0.24876752380796863
0.2854620057754459
0.7704476357760291
0.7162775370204738
0.7052171476944556
0.651710978614105
0.8045992571608384
0.61951778780013
0.08834076783868539
0.206946671382379
0.15256938060408454
-0.6403658225414988
0.04151758334118416
-0.10385996893515947
-0.02750943831128383
0.4697490372840766
0.3644811716902593
-1.1615308418597547
-1.8984820140210625
0.0675700581680424
-1.40805132017084
-1.1213856886419296
-0.6233982820663928
-1.251627983923044
-0.885297493727834
-0.2286628400745464
-0.057647027827930075
-0.22766922975282244
-0.6757562987622852
-1.1435497081447945
-0.7392458149363261
-1.5742548697597623
-2.1162524226379342
-1.4404558704040888
-0.3142726965371262
0.2469285316289539
-0.009921164818451511
0.22557004295698857
0.4053857019963437
0.5816121677540084
0.4252470449593909
-0.4257655744922468
-1.0308396127568007
0.043984602774435166
0.5733746912479435
0.39294473878493374
0.24224148668840184
-1.024648127014295
-0.37265702476338447
-0.3499917675595937
0.057714493324297345
0.4663504846561838
0.03658372682246147
0.49718778711401834
0.32816037407497023
0.3030860087674191
0.032755855669620804
-0.5052516038130788
-0.3502953291833034
-0.4864839178558648
0.03952015942283915
-0.06945824255459765
0.33136282048143195
0.29197489012248756
0.7343387816423325
0.961193978862516
1.0770923043496188
0.8981437384171064
0.878973176231251
1.0904391519145946
-0.2845955823360171
0.6623154336382823
0.21908864862674904
0.42712658944387194
0.10053138816679608
0.12096306589261319
0.7092951936122774
0.34616264205214364
0.018707044907986026
-0.1549536611888347
-0.1988436194819838
-1.2567426706945144
-1.5080087645916351
-0.15462356308231529
-0.05604231180017205
0.4999034586385035
0.5694167376332805
0.8627198591434578
-0.6641896842497591
-1.8749771435537648
-0.9550462785209154
-1.849618711539038
-1.7517783686159825
-0.42578537533853406
0.14339281936814097
0.5614803214299712
0.36784902982054557
0.17550463611083733
-0.5175484930246191
0.12691062826167
0.6100399913926885
0.39462623191413526
0.35516465115880125
0.5916218860912562
0.8693666185420325
0.4697249257141297
-0.16871169369089756
0.3051924458889933
-0.7217587649465484
0.1494670063280802
0.4270980427247487
0.12069452748121567
-0.5431083591764087
0.5076642087311046
0.6702877282323717
0.482788033736398
-0.376687310374222
-0.8086557792414388
0.5767681222381312
0.9924260263631374
-0.22880331548917865
-0.3294384182192298
0.3456374631077189
0.6307771741433102
0.8740448376601796
0.747350690083045
-0.34961919056105195
0.22776599296999567
0.28153334134791297
0.13925444838132306
-1.353330635582261
-0.07796794097559057
0.006973039801806746
0.4053153133523696
0.24319294749876985
-0.2524660102522217
-1.1866963935663628
-0.15021107313075976
0.4265821541391136
0.19688628615874382
0.030064385166791996
0.46855614825439285
0.9591011489829656
-0.21604179654053202
0.2307691092716807
-0.438576816687813
0.2509348248589841
-0.18808222400303853
0.7715998944856558
0.36238996021802194
-0.28745902383996014
0.3826123770808322
0.492074809629352
0.2950630533427473
0.544402584130813
-0.049328509946956034
0.9653218811822678
0.9875148016420364
0.112850763504318
-0.3522154060891414
-0.7293746964496295
-0.8773780344118223
-0.3593404048811264
-0.5237301413475983
0.041980470101567025
0.08191656505836564
0.320609196273817
0.1923940062788959
-0.012734507785111093
-0.3766194951550689
0.40835920737348286
0.25193477448096513
-0.043415988814477946
0.5196240759618221
0.07067997460533837
0.8101502285098913
0.24645611118296495
0.8626378341408018
-0.22061074243428747
-0.34786606117311936
0.2096771014368667
0.05674511636539614
0.14811764876913658
-0.30050429405966705
-0.4782689006819662
0.055229885145213875
0.47293665404595686
0.3949812956191462
0.34848033247376853
0.32751794158644476
-0.015194637881483786
0.13455644637267083
0.3959480033887358
0.669792041735526
-0.3505693894031966
0.5478621093847867
-0.8273452879979473
0.06568964569733671
-0.4746971785451968
0.006524530571519804
0.4171264924896442
0.5382358650078484
0.015070014246900354
-0.6308789339843693
-1.6797830631616684
-0.7501582862642756
0.07853503820292629
-0.013483054250695736
0.15725673568551346
0.21538866451686023
-0.12055430242914489
-0.15299855991560374
0.04216635188571993
0.10907795385379937
-0.053410162513918835
0.5228141881295222
0.3862709695524974
0.9496671027143838
0.5331190661719863
0.2384668339668482
0.7423080893392257
-0.17531138185117423
-0.30042094327450186
-0.2144049222933181
-0.18605392228834616
0.03906987661791794
0.2462645761943515
0.680862271708843
0.828312914317037
0.8190701501747909
0.6849281449520103
0.8197263635590132
0.4865286128479124
0.7526000294742029
0.7808859895535253
0.5768165698909801
0.3512683747927735
0.31141622316314377
0.13605775600789505
0.19039101665438796
0.4993802865316056
-0.3522019236090922
-0.11975063993020785
-0.004127662405789767
-0.4497587678153747
-0.3705629219388764
-0.34457419163186237
-0.059358759969981745
-0.7546276953083233
-0.00175140245893457
0.12847798189706838
0.26691621960026357
0.13492348656626263
-0.2204391288263875
-0.07047651451216896
0.10771914488948253
-0.2555051822179152
-0.758345969328156
-1.689140703756915
-0.7891141950256954
-0.8194593749309984
-0.18734428641015077
-0.3362300340148141
-0.2946822376074245
-0.43742677942709784
-0.4702316954487917
-0.07020002453095309
0.14816745976415635
0.12901919594994704
0.4405793315382295
-0.07237671849600258
-0.2547689131089813
-0.05567906976608106
-0.18263282375115653
-0.0022936520445188124
-0.3850017022089698
0.5136109974023456
0.6561528583503772
0.6164894439680643
0.4774495360961569
0.5977546717914476
0.26656342337602335
0.6059171792155665
0.3473799872630293
0.614331927122561
0.6618852443078661
0.40592528057260824
0.4305983263598129
0.498897352478764
0.3949123469298891
-0.27983275393492013
-0.2530229222541579
0.09250379134466558
-0.1939074540176885
0.017438245080397152
0.012804455228053846
-1.2375085988440722
-1.4510829309750428
-1.8580441778846248
-2.028316078496875
-1.9236403625305876
-1.8494960262126
-1.2720761292204354
-0.3991646269946886
-0.12949280781658257
0.026471450160014953
0.27596207760405644
0.17453720234669423
0.2547652096439027
0.43030983170257364
0.48527765452957883
0.3457720861686847
0.13572589780021216
0.24367566797284634
0.04697697994169314
0.4101836546123355
-0.08450236082584672
0.04298008419547983
0.5031259635597306
0.45895594048732946
0.22347988345086123
-0.5282897098066894
-0.12589485128895683
0.027716957952031218
0.5631846446969871
0.6185076710400367
0.6499778507445252
0.7125380315336395
0.637414495456711
0.5602236674806348
0.8332904925560521
0.6485274985074042
0.16050857665267337
-0.9898516426614545
-0.9038400238710491
-1.1654934858393853
-0.851136798759949
-0.6759943225975384
-0.6756050357147818
-1.2056328623524573
-0.9246947106913576
-0.5433373070907167
-0.9503567983141585
-0.5407490133845205
-1.3384385667784877
-1.5787093487396884
-1.3634978833787073
-1.9705024100948547
-1.6245286989070706
-1.5605226644725507
-1.9398979432766565
-1.8772507063559631
-1.6333308074258976
-1.2563621987579203
-1.0946705216771222
-1.0056211188663524
-0.7654957330212155
-1.3583514893594568
-1.0391837017740988
-1.160026490894878
-1.3463239002911576
-0.6985208136052585
-1.8682448199511223
-1.7818955153373555
-1.2141386997064214
-0.9266849064772928
-0.9575658439357355
-1.2451021021313209
-0.9803637628420065
-1.4824647472085695
-1.4709198564519936
-1.2625356382844115
-1.0997450959188
-1.054856401173405
-0.9148855221036025
-0.6934104403383843
-0.8112785672549306
-0.9661953661898021
-0.8209741570840505
-0.6620540828127321
-0.6041388061331445
-0.6715232257015183
-0.7089541588364603
-0.7641746043369753
-0.7877691857239562
-0.7127398871653308
-0.7267805133700289
-1.3581147721015154
-1.4571838056501507
-0.9783288412002312
-0.779701574629295
-0.8884225671407899
-0.8177899392827848
-0.6281952216633795
-0.7350854937797571
-0.7380135708839366
-0.6615969856356448
-0.6003730274791006
-0.9208243677418049
-1.3314783763383486
-0.8323722661091816
-0.678387392759698
-1.0972729373077086
-1.1040938054485345
-1.222865706798391
-1.3858463846879536
-1.6887404042649008
-1.2840015613453155
-1.2701305202173214
-1.2118694897643514
-1.0383788484700842
-0.9684580992504361
-0.8361503432270229
-0.7434719270658537
-1.0039719651416745
-1.0199025019347931
-1.433878010470004
-1.0822789187851953
-1.1986865520557575
-0.7303561480848898
-0.7909964817210049
-1.0370835671524916
-0.6955174345249989
-1.3069652095390791
-0.9445218815172614
-0.6518833776776136
-1.0601667717658505
-1.083932276231104
-1.0019667726655646
-0.8357945550293073
-1.113936667572538
-1.510359028076766
-1.1668238994612894
-1.007358534161097
-1.0503258277383793
-1.0478658926548392
-0.7511079368029597
-1.3673090279311966
-1.7386659089542917
-1.835484625702676
-0.8429257376329524
-0.7745777119291747
-0.7063920054841851
-0.47114863715965805
-0.6815536767944839
-1.2396252546394175
-1.5856336777857223
-1.4004408256834846
-1.6968149116825837
-1.181229715450736
-1.1166876947163462
-1.0846447569327133
-1.395073722161333
-1.1539033360184725
-1.5723576834738007
-1.1960436708630597
-1.370179020182266
-1.554710455439945
-1.0221122781196936
-0.845933923264668
-0.9491862156165718
-1.0516120755819585
-0.9076809231476458
-1.279118764195013
-0.9770322152911421
-1.0446933900418935
-1.1390729072759689
-1.3174999312621085
-0.967194462803528
-1.6528340346020678
-1.6122726602262318
-1.8612890168584122
-2.1227568791410363
-1.845564376434127
-1.2022466311906916
-1.1358219584635456
-1.0732564641369495
-1.2487611151322453
-1.052104475579249
-0.9663429927915927
-0.724350180688802
-0.9690658233200622
-1.2316571417820599
-1.6159127817425158
-1.714438822093407
-1.217042516583469
-1.3839590060771645
-1.5534205354526238
-1.5723681900482682
-1.8222966550439372
-2.199602486432463
-1.5682347412574917
-1.4467180522647465
-1.3394367161964726
-1.5858272092732082
-2.0251166760120656
-1.764409435142288
-1.2396150903668244
-1.1578340637341102
-1.140501506514856
-1.3345431820011497
-1.8954958143843572
-1.1248008171022514
-0.9890176657730944
-0.9531575699528276
-0.8642035262327077
-1.0091999426094105
-0.9249024815047573
-0.7593476148407671
-1.0459897853732743
-0.8438942085106437
-0.7495831692980949
-0.8347161964194404
-0.6747036545262747
-0.6287465268003001
-0.6393367853636238
-0.7805350301631307
-0.6509711730780786
-1.2436724858500752
-0.8186756472998624
-1.2696423251633868
-0.5556613268045101
-0.9975935865416465
-0.8098284390292162
-0.8398567814521141
-0.6375885564953961
-0.7054341195999063
-0.9545571104752291
-1.048295458066793
-1.1682693531017265
-0.9015242050793315
-0.5912830833616152
-0.9411658691567042
-0.7039364702502571
-1.047773778343044
-0.7442481999813377
-0.5857565314139999
-0.5573070212215154
-0.586783745967312
-0.5629994260851735
-0.5317767677859533
-0.5033015217289881
-0.6485777899705316
-0.4277596878584409
-0.4222888550576379
-0.2150499534849637
-0.6822502862445352
-1.4057793850959674
-1.6011576926380071
-1.048539304958178
-1.4016826116099739
-1.0966393351952606
-0.571447340633292
-0.6865262595072326
-0.5652054227032595
-0.41456252985545566
-0.6135369323403692
-0.2791601308475099
-0.2292933806614853
-0.5165594972032488
-0.06480069940448019
-0.42474000391794237
-0.56406266372213
-0.4317298761216923
-0.09931901851212566
-0.2451006510581598
-0.5734188289908725
-0.03035533838462723
-1.143901276762863
-0.8427378121299205
-0.6737998546499324
-0.5178775667542606
-0.5593375568520842
-0.5433696766254155
-0.538125397637006
-0.557733567140746
-0.6092403322322159
-0.42915784655255107
-0.6433297984994621
-0.21034576895507262
0.03169448886651727
-0.8039895361134886
0.278889187682997
-1.3898187300398073
-0.7768058146150318
-0.3131177801586503
-0.18696373439812797
-0.3853525836831564
-0.2422282955072792
-0.31691567369359575
-0.7766430230602742
-0.3578270621522548
-0.18567060745523045
-0.06498605462065588
0.2586825861995953
-0.5070767257098383
-0.8276185105116557
-2.136933331219731
-2.1721256895942997
-0.7336526454388703
-0.2839106254252516
-0.26340961846415534
-1.1715527665444423
-1.4046315978732868
-1.0380232271603742
-0.9008373663901651
-0.8627113428488913
-0.884162703731158
-0.8126976141291335
-0.8860342477492913
-0.8443155778261522
-0.7941856434604392
-0.8579097875079005
-0.831708002643329
-0.8337601565472023
-0.8594683772218364
-0.8078522878961699
-0.7958633877372909
-0.5031164351063334
-0.3182261722983919
-0.3207589367197109
0.17661158099457963
0.5251890204488269
0.5539204704469852
0.6624464142012124
-0.3284722974392878
-0.3890636177946623
-0.04136703732932623
-1.30384547373542
-1.599588029345222
-1.3103967729452461
-1.3075117585774592
-1.2565864646348528
-0.4756444662740599
-0.02215079021329769
0.1302374501614042
0.17932195073304202
0.18973684751296782
0.49035354971534584
0.2277289190766717
0.26549813249964893
0.3808878253591558
0.36298526333286063
-0.04826704313789987
-0.4330572834690408
-1.1020501506349678
-1.4291475747015556
-1.5555268527124335
-1.4183138763162486
-1.1506993213074046
-0.8228038275969978
-0.7903712554613789
-1.5349618409007757
-0.9862791766371801
-0.19370472036793474
0.19691558069813653
0.6800615968977136
0.26623060470526816
0.2433799669475284
-0.09459483737844243
-0.24282857258199242
-0.0201493510409978
0.14178838832219542
0.43453381772775235
0.13249911669503722
0.28330488019112254
-0.0785747521643464
-0.6097421567549479
0.19014947660381776
0.5058017067416248
0.8054803344556071
0.8065785833384654
0.8538100765558597
0.7979911810559054
0.9353518552240178
0.8237321932686524
1.046761651838216
0.9822212072212259
0.9924778087311067
1.1563595700574907
1.0197964133087853
1.1380539329719181
1.1264098941513812
1.3011042013923935
1.2422321797614044
0.9613528615513506
1.1892272934619306
1.3145409875484324
1.3740098681260369
0.9994112415895972
1.545754498074189
1.392876012055957
1.271773360540454
1.315187075754309
1.2748529242021385
1.2540537102613363
1.2565606760326715
1.1265515823817962
0.856721301015615
0.9626032161551167
0.38264950082410254
0.49571076031351036
-0.255090718197317
-0.9675532150532453
-1.5200635048772682
-1.1294647106605697
-1.1153415312005452
-0.2714322555874359
0.14254353719012236
0.372763185375555
0.3081689968075124
0.5050734859537688
0.6351238617320646
0.2980929218144329
0.5105414870849355
-0.13079686632546716
0.08020088946691717
-0.31972157812403934
-0.05260883891435919
0.39469959586808134
-0.357889254021611
-0.6574051506677543
-0.2787636836528641
0.38577235317539993
0.7268592553819019
0.10559435777833936
0.34865924705714935
0.3382803964761537
0.506867016781185
0.8377741470545105
0.8642181937817791
1.2916976865090204
0.18247526884077325
0.8522914107783509
1.295620375827796
1.2444977318006147
0.7540062514024123
0.594684288984262
0.7126093273923567
0.9117404436917876
0.671494102078655
0.6441519661006233
0.9160593221985788
1.1054037981630365
1.03281463682197
1.1372643603312875
1.0438907980179848
0.40989279302725257
0.5161610690695063
0.9197156001448931
-1.2707752017222094
-1.1446218926449774
-1.0889525789552121
-0.13552791136860065
-1.0967966086115757
0.04714587270409509
0.34385095436604984
-0.041662295638974056
0.6298737388312375
0.312808784124731
0.7503981269865873
0.7157415254316889
0.8312049825917426
0.12416643169492347
0.24981494550992045
0.49757773573687836
-0.7912858588903876
-1.0763676622711975
-1.1864634591553676
-1.4997433835513645
-0.7669708681114774
-1.0427394734686133
-1.579900700046101
-0.9974141833844965
-0.9150047547107694
-1.2866806161190016
-1.608765423797316
-1.6373182852559505
-1.3408965676276048
-0.8786580419613947
-0.48085734358417165
-0.21542358603875233
-0.41543454728443824
-0.5837336934642938
-0.695963692411619
-0.18295405791210728
0.12142080838394831
0.31684601777884425
0.5137413562660592
0.46817065364690647
0.5691557983277001
0.5294322404897066
0.5903562525983191
0.069856917450838
0.4435464590718149
-0.3172082823481156
0.3002841128208563
0.33511856877000124
0.27723632056674063
0.43270818770623387
0.7255971118509367
0.6611772863114592
0.08305806168424101
0.6563895794140632
0.46046441252654413
0.5350455260367132
0.014516701369594709
0.0932015821951383
0.1795268417071575
0.16698957451498486
0.12109546591965392
-1.4097423116516956
-1.1014121005677207
-2.1339174567709116
-2.2814634163434957
-1.3342239139563539
-0.8212701807496191
-0.6317310914843104
-1.9729396282853728
-0.7856491511500396
-1.245975108987344
-2.0307296795599132
-0.6455293981423058
-0.2479220268425355
-0.3776288260597921
-0.3778694118741867
-0.9054694565724624
-0.7801152555666053
-0.03076659053830988
-0.9409806049630223
-1.0877061926268499
-1.5385097638758762
-1.129710190449026
-1.410550924433879
-0.7166310248796843
-2.1012102233064316
-0.905313090990661
-1.3398199010526919
-1.2040993618878668
-0.09699352267295813
0.6656545803197346
0.7079651871931231
0.8724712336184163
0.7399691574167856
0.8786027369237767
-0.5245916083456308
-1.1975266143234198
-0.7655152387194115
-0.2628313833363093
0.7416668733328072
0.7702071421438411
-1.2880035374224843
-0.3008042206432181
0.11829404873993743
0.25430525492742284
0.8814481035280634
0.8769039332801115
0.9493976980435225
1.0423543813906604
0.4750870535544546
0.7623207498172068
0.4622730206645568
0.6005399395849919
0.47764013458162025
0.47628644036085654
-0.8271280948470089
-0.44914149686393484
0.20473417260424343
0.4556610317954385
0.10205010839446083
-0.13291995276304536
-2.022823310319539
-1.0032791658207874
-0.6948743451396657
-0.8546844634653901
-0.3549333252249675
0.03163079927064516
-0.048316530067618935
-0.25977909721474923
-0.32309015734318425
-0.24612022642827436
-0.5983061155572847
-0.11837000559993638
0.3908748638750824
0.41825650829075267
0.09156821707191365
0.35175888497852303
0.5322770554779302
0.42210652988017705
0.13214172344260844
-1.0268426406993514
-0.48036182679504635
-1.6311555798215118
-1.5705808882803647
-2.150303653322945
-0.7318625547622141
-1.8845747232902545
-0.5823093848605108
0.24364733113226966
0.7929267667261918
0.7494394990609067
0.5210845911273355
0.5591510746480669
-0.24632887530701086
0.12776833376020957
-0.07006639934281056
0.3119091367790693
-0.8703895203750018
-0.653994321224497
-0.17229927551715019
-0.4336836664656929
-2.253758166070968
-0.5961087152221333
-1.4629242734354637
-0.5005981624971245
0.35924758677975055
0.9305630902643779
1.1010130086570102
0.6054353480405467
-1.1763241384549266
-0.6410102987023657
-0.02892985402142645
-0.008472357250659424
-1.591078369284614
-0.5550180441885271
-0.37500184863752883
-0.8522802608462983
0.08586318704887419
0.06737426822489923
-1.5670961936221335
-1.0007051697798766
-1.2480461412867725
-1.8225751381696425
-0.878611771679312
-0.9805074734680329
-1.008746097330868
-0.867874109792079
-0.7452731297833558
-0.7028332189824584
-0.5512000731907997
-0.2349968787798511
-0.7185006232091332
-0.06446257357534224
-0.2631191938355274
-0.05354461255108578
0.15271677767410574
0.09218909075510273
-0.5689861485330125
-0.14992008617366792
-0.4141099291930122
-1.3032108843982269
-0.18918455207877505
-0.5649605126438909
-0.6558383240073745
-0.17817474919953058
-0.8775994765255123
-0.4347388387104558
0.014192662289325364
0.3824525251236742
0.42352884798793033
0.5474705905371079
0.14954705673055335
-0.03153740693175655
-0.41165021481562536
-0.1995998886989062
-0.048607446586010905
-0.5539754207394744
-0.3160694841810402
0.1766009858285471
0.30474884325245244
0.03804548492026871
-0.3845543395024823
-0.5810478145698368
-0.9727068270592981
-1.2420421106598614
-1.3041314032120028
-1.603906692593916
-1.5398554280374435
