0.44133606004228365
0.360287967244897
-0.013473840100335699
0.22251230304370473
0.4145807045977793
0.3582891230541373
-0.05372610325008631
0.2910275916388566
0.000376313091374203
0.43755251708851206
-0.6009116038250402
-0.622824205046004
-0.28576946880382104
0.07712487418693881
-0.06747712035788522
0.02602754626296888
0.2519983471976509
0.39472127619177144
0.37636632335587306
0.7301641539324372
0.5995658227734803
0.6563963078503895
0.8532334191484735
0.8194176492266342
0.9041308930572253
0.7083148260893054
0.9190443877415392
0.545407204848858
0.41189190709510115
0.2780050287796406
0.30658821071114206
0.711186884750448
0.43835283674299086
0.6176732500614598
0.6633021627138039
0.3369299765742194
0.7226370827925247
0.5276199013168318
0.46708710038116175
0.5744767064740376
0.7212444781339958
0.9119017026546127
0.7400857469073786
0.4660105574912402
0.5918679397400693
0.2792271996739971
0.6926410883555828
0.6732107822865058
0.7050344428601057
0.45275620367501046
0.37818548240781313
0.3149146521111029
-0.0822621375657352
0.34381327924810023
0.13163653776623085
0.29371871874212274
0.40795726374667074
0.11935375252677183
0.7468469330419455
0.6230857289494144
0.633962217761166
0.07273811126723573
0.04459631620129423
-0.020386348368499285
0.30292132920206416
-0.042652460744349696
0.021515160855734794
-0.20993663268027907
-0.44853975744374147
-0.3022195724455988
0.1266586061842213
-0.2768561405392781
0.0947227123717963
0.02264429597305606
0.550632306306487
-0.13739862438201245
0.2759332423333859
0.6935589002874337
0.8059298899840385
0.6405900978702544
0.6899484508658075
0.895660638891531
0.9896438865989249
0.6126286288685979
0.8464793670917538
1.0081173602356488
1.270795872869377
0.9952450698672416
1.0047168243215325
1.0306417230824434
1.1987209663355118
0.9420620562764713
0.7749870884221858
0.8394879934713951
0.22264472358482734
0.494376679682352
0.6309558161270231
0.8387841824228289
0.7635692704639613
0.6253458263220141
0.6445421307745346
0.6391991769931143
0.8932692003780954
0.7246106418854156
0.8493133630370421
1.012855661451181
1.1405657094742838
0.9794520698880952
0.9674349743261056
0.8460728170398343
0.9125189331411073
0.6541558889519566
0.963876335363317
-0.13848652342109735
-0.4710094583060598
-0.37585990272504166
-0.2944994598152606
-0.2630201172311222
0.0014565858652081376
0.21582679433765584
0.2631535705735283
0.09355222002742702
-0.19035512192297976
0.3429874576256301
0.26565206284217335
0.36607297182273324
0.5713077086944879
0.6932183019134482
0.954133902429147
0.6369292553323799
1.043419904491194
1.3303419915953847
1.1408030195233416
1.0946301799090499
1.0707140739288779
1.2408559611586103
0.8938691125951826
0.5041169278605883
1.2870041603866693
0.9532340503590092
1.0900333414928745
-1.232383343408672
-1.1798229333758747
0.28202515846590204
0.9186822641129787
-1.0076452050656604
0.6749568833409835
0.3400799948846117
1.1471705144964148
-2.1729454040482676
-2.3842033008231582
-1.629344843220626
-1.417695774135383
-2.1585485584117756
-2.03622331506808
-2.584167683859008
-2.253514552745271
-2.0776296858452103
-1.7917251511379704
-2.242255791851965
-2.297818354605801
-1.850510912148524
-0.7005427121485892
-0.1051996554319754
-0.09276011872459
0.22703675023300984
0.6803545722485619
0.5573982815751825
0.8805538658998197
0.8472814741877254
1.1566922190261528
0.936982878963572
0.40437352422514417
1.1998584373915966
1.4007507979740423
1.3127910621937255
1.2745009047808904
1.4933360785653012
0.6600091192085079
1.304897739002874
0.9368201565816897
1.2700418669939681
1.2722127042676208
0.18777841688795627
0.7831605439240982
0.989514590576006
1.183683201329555
0.2760194058847011
0.7234287650911982
0.6481450308001636
0.8127591483955786
1.0363940892174583
0.948273697299029
0.6058530051129206
0.739288340593451
0.41442508077958384
0.3540589752191664
0.3754164334889091
-0.4605809898631569
0.03490190172968677
-0.1102276211773886
0.20042412160649625
0.3916975969782145
-0.46359401548367185
-0.16948950516188777
0.2549600231816974
-0.15933103155087003
0.04468845327910331
-0.7719357240524983
-1.216594326406156
-2.35511115543626
-0.6144691986100954
-0.274634837744827
0.2750045815654659
0.06271675873562443
0.37376677532370894
0.4362004086418402
0.46173840484753337
0.6155751823870835
0.48604988016236905
0.7754979620733667
0.8786636846159775
-0.10484866629786571
-1.8608957993580422
-0.3679214802657933
0.2317299735592152
0.3667164542282192
0.7814075840094407
0.6295289996094401
0.08797034338026444
0.004072076951964099
-1.3416625261342077
-2.1357984058747337
-1.4751695310145276
-1.084485018817564
-0.6445145849333325
-0.3644826826340765
0.15723130721058654
0.11639339244450186
0.2920155460775623
0.39194354965929834
0.6653071944547667
-0.8337591179881311
-2.016309308885876
-1.596332167474198
-1.5813043261284434
-1.2547082425445408
-0.6167229908327095
-0.8269074366690985
-0.12408439829030238
0.37231602392210295
0.6171091457611596
0.129171532316537
0.25929271417389643
-1.084098495085422
0.014109556732679773
0.30284565318022205
0.5713750527132454
-0.3269302796453296
0.02883636806144463
0.09450710442976995
0.3754521393371745
0.7227009984182658
0.1443180682222477
-0.0072840256551199856
0.6965729781042086
0.9124367735401083
0.5482863222800453
0.42016399685758443
-0.19944891465777326
0.33539801223354815
-0.5065568369961412
0.10422489496783405
-0.13852540823493664
-0.18570590271465992
-0.48609095993556917
0.18057060974520345
-0.6288784840624663
-0.8097084897359981
-1.099433815207949
-0.5112752249185375
-1.0928098185906598
-0.8784106323672586
-1.1680610878439004
-0.6444423933246561
-0.9875536761219126
-0.3838168953340969
-0.06689686872334588
0.20273233880468278
-1.432638744038104
-0.31828488733412164
-0.46312481970076297
0.2512559784921117
0.5070918161798529
0.11505653327097631
0.34214327290839075
0.34119707166711055
0.7733816724680992
0.7862830380382352
0.884965997649615
0.6468406593332897
0.6212048660643771
0.08600062679334497
-0.7572361223094752
-1.6984335291608688
-1.8815420647950285
-1.3893555374070479
-2.2596174974864183
-0.2273838517939354
-2.0632030343091254
-1.6782902954324963
-0.6131048911831054
-0.43076476251625523
-0.10515710996304328
0.30873984391698495
0.3391136184832094
0.5700888123657225
0.5312388335184418
0.4619004474774314
-0.0012165314206405986
0.09023616779344079
0.32934359070478625
0.6463570543748963
0.9414350182625858
1.1421006254132577
0.1603523937618071
-2.2844504234463114
-0.4990768243574745
-0.3042283739571989
-2.2261000045418173
-0.48125953145617417
-0.08318290733080391
0.5556677368603323
0.4541016488494295
-0.23116806533744616
-0.32980465818577076
0.32143256070158654
0.4040519288779888
0.6242188731672907
0.4670157391815922
0.3850166026666827
0.17584720673128273
0.4600061129532299
0.9089649331424664
0.6213944240868189
0.7692814232468633
0.8692564944382491
0.7282779370269866
0.5393927942389708
0.2917773566489158
0.3381816527341418
-0.002036592268086168
0.29317636794202506
0.3367623817045359
-0.7183412420277762
-0.4801801666823774
0.2845415386042779
-0.5931463847427851
-0.45831513585884476
0.6223027473013082
1.0029116501485307
-0.34392196347241166
0.062274112991595465
0.5544636922288478
0.2626685358316573
0.8420162865712392
0.7475191381008587
0.48491206559721844
0.08895927058352371
0.549034142726672
0.9490656405417247
0.23843583648336997
0.4605342680413983
0.6787449914701912
0.6635622302356791
0.8169745767765423
0.6920623175000219
0.8720027231840627
0.622241114623827
0.09304133124459923
-0.15390083454211234
0.36862078548531396
0.5445851111945686
0.6912023824838077
0.7247774753703945
0.21928365067594335
0.47765682194638337
1.0213018963320395
0.6605715366770099
0.7172476268154625
0.638101563863171
0.4116820602014658
0.4604291825689618
0.45178425994805405
0.6746170150025209
-0.22349823926811607
0.2821025268396763
0.6836383710596782
0.7262688500372939
0.5654520413460346
0.1007223234452268
-0.5025716508166145
-0.11459926868456283
0.3610503877257677
0.6015587171073619
-0.021721165444206325
0.3375872112091448
0.30476740261062163
-0.44908282777826325
-1.488447154832385
-1.0934303460414312
-0.2456645356246524
0.16592259231192175
0.4130089300556249
0.10530396413663257
-0.4698623784164828
-0.2726435706866853
0.04881993391421824
-0.31322959518059756
-1.1791539023843076
-0.29590541617256483
0.29524825798159127
0.13042102018508228
-1.2884803663115703
-1.2521385179328723
-1.3088195300528938
-1.119509705886482
-0.3646788993705218
-0.7953364640592667
-1.504698684495966
-1.4314124444680307
-2.0323428478817314
-1.283077570360178
-0.6111407216346292
-0.19743144941293467
-0.018944900010473775
-0.16521236157559172
-0.2936215575499015
-0.9046000086136243
-0.5279269151187671
-0.00026531491807391117
-0.7733491598384803
-0.2585287453668752
-0.36901217512115086
-0.0035323618926029754
0.38457156441551577
0.08650984991274668
-0.2885932611345706
-0.015529939552311633
0.37774982506706223
0.6884709730141204
0.8277475194327643
0.934146215297864
0.8184253110359768
0.9000789237579921
0.8915965716279292
0.536098186295224
0.7385522054391286
0.4330757986149717
0.3863634788588969
-1.0084372523876177
-1.6963926448888604
-1.1809373945367734
-1.3400794376711729
-1.800375661888262
-1.21261006959732
-0.16653412979177484
-0.9085253876043559
-0.5647243081550969
-0.5734083758301014
-0.49653911421310637
-2.5030044432235194
-1.4352891916624868
-0.46027440137632447
-0.02406666975068672
-0.27628738205260206
-1.85979841002542
-1.539357516602205
-1.109701849285641
-1.8368584818805584
-2.0771560863051457
-1.5207091045751486
-1.8216497001929004
-1.8268307852827728
-1.002024141074633
0.0034191151240705597
0.13718015367918024
0.008159987196316165
-0.11922275095501356
0.3176581862349551
-0.4231035362830968
0.03747799656316175
0.5561191948391228
0.6484154425679164
0.5372952947085431
0.656599968386289
0.4591188154565863
0.6682063777195614
0.6778361009280905
0.6190372835479575
0.5616563435125012
0.0036912359885644674
-1.225699445712325
-0.7275634537636992
-0.568069465304921
-0.155916977011198
0.05898396271703599
-1.2023578579265246
-0.8872031375764992
0.29162231845471054
-0.30280767164310174
0.45684706350063
0.8401736467633986
-0.19434631566246352
0.5848385912179744
0.7736416426625107
1.2054132101754953
1.2336199193849309
0.6409774446814834
0.9614224512634971
0.7073369150331895
0.7087539217991404
0.37854098713860795
-0.42983204024312055
-1.6162021891585088
-0.9668218847904252
0.06587285251719
0.756504802012015
-1.7325002709666177
-0.5562019669588918
-0.5327102697179814
0.24780874488365512
0.4269416118266366
0.43694624120569137
-1.9581554734275053
-2.4768873875707316
-0.41453743782482505
-2.3060795359383772
-1.4375398459840087
-2.0116097039695577
-1.773319625906455
-1.2037968317703607
-0.9067622241234335
-1.2026444284525533
-0.2579610929443449
0.3065819757723697
0.34313471557808695
-0.2081506992184471
0.18076300228445608
0.8483342959376049
-1.5588730178689918
-0.27755642862772023
-0.2981187301985059
-0.04284767018517599
-0.6445467175852821
-1.700166420755274
-2.127555098537471
-1.8995182842716165
-1.4507128359011685
-0.894875507598357
-0.42633617618987363
-0.5018685456890968
-1.7632669118246687
-1.272264004529191
-0.5224857755553449
-0.15735561058064884
0.05011425169252781
0.30210916902295415
-0.6182703652822984
-0.8320222428326925
-0.9557635209247576
0.24574559368290572
0.49652965388387005
0.10199971289010967
0.2642832345043652
-0.3179888752480905
0.07441834807583636
-0.029615400374414125
0.16612807505630667
-0.05087900704529824
-0.40632210289122456
-1.3876688170924734
-1.3994577212016086
-1.3429931879228718
-1.7017284577655873
-1.0069815209254498
-0.9733077752746763
-1.1490200934495873
-1.9684642772514138
-1.0236128880797195
-1.5938968814346715
-2.3064052624948554
-1.7621652683759597
-1.8093539745060339
-1.2972569196977997
-0.1688110029566371
-0.8251569332819518
-0.26284441233400346
-0.09277610949571746
-0.9960474373377314
0.058219055612877546
-0.357911574838531
0.44605083531497114
1.004494054255809
1.1921993657503598
0.06280744068976318
-0.07218370260348683
-1.4555429866774081
-0.4234921483829106
-0.022773787261093914
0.17242565563851364
-0.033909754510092815
-0.3726716690158466
-1.0099947622336922
-1.7155093149382992
-1.0389293637471275
-1.282138101438612
-1.4606536411107665
-1.3586024438819422
-1.5683160926366133
-1.46064306206447
-1.5755766229206882
-1.646701837443576
-1.1254165177852844
-0.8654603746893508
-2.0016494691082327
-0.8308535097478705
-1.7442433910188981
-2.269311400075992
-2.3623115659555776
-1.127481292859878
-1.3628668079096142
-1.9149374646035753
-1.8371692950134988
-2.1121888051176754
-0.9233461763756612
-0.33468550770403604
0.3623949674722903
0.23316206171107534
0.31315709768367717
0.2603292519297117
0.3779126619232379
0.2471455957862937
0.2678906675423064
-0.8207978931596092
-2.7495404877238014
-1.427257953966202
-0.836032502020403
-1.2464104673442882
-0.933773135389687
-0.7883282328320736
-1.1211161480058727
-0.7964846950545985
-1.0728173691525418
-1.2857542759124396
-2.0736520178110953
-2.4579941212757017
-2.2754108660473062
-1.6896941982882452
-0.5423126550982789
-0.22399448556170398
0.3017202648943854
0.11894837244319934
0.21722707893825033
0.44137443275615407
-0.4771989792208704
0.060794915584395204
0.04735454225905966
0.6511751102741924
0.2195012677968079
0.6562650324060771
-0.052156691388530185
0.5230574417296595
0.6636655337939302
-0.0020535001679448106
0.3541613040895163
0.44421207131022544
0.5948392730161943
-0.45366959464863577
-0.07060840202304497
0.4989262910546065
0.5924166658257582
0.6989365870543315
0.669233077636162
0.39862669667494577
-0.14429728171526557
-0.5469363973013204
-0.22294887441496603
-0.3207903950532959
-0.22307847135468828
0.39428418527515696
0.5893372397517708
-0.18487093434451585
-0.5702752899990908
-2.0224757816933785
-0.18755430813387797
-0.5452800918428218
0.5077961652494575
0.4625249826402035
0.319442117478964
-0.2974001862092909
-0.9188874584097094
-0.8580826550608204
-0.1880967020655704
-0.35759284372608335
-0.0754575552674005
0.17898247157758973
0.4635466331322301
0.56056084965746
0.2587280080338251
0.3715022073692894
0.36051620756890357
0.36330082908706507
0.12483970743694917
0.30931637579343974
0.2675914010131958
0.36032745447263215
0.31403772930519824
-0.1838998905393774
0.29992767519446584
0.38394599726135203
0.1314325112463438
0.08018946445549291
-0.058139517406125885
0.3421024533221865
-0.3175460022255764
-0.05274113151539406
0.34270008412068875
0.13655942352089345
-1.0061577484649114
-0.4605032071167224
-0.23266869751124497
-0.056100754713386825
-0.07206531205847366
0.05482181469463343
-0.046892958370114646
-0.009546879578890888
-0.04460390487293764
-0.5288622975451981
-0.6961114230206181
-0.29556708034025114
-1.2321004982912482
-0.10971919478714598
0.4892004514818379
0.492688546663255
-0.18630150516919664
-0.6743597150100762
-1.4661922148531241
-0.5354132727918837
-0.18155448775706684
-0.15470225001154558
-0.30144331324147033
0.02387813105260428
-0.598556252643089
-2.2104684221767275
-1.7023340419643977
-0.7505871524247432
0.12469169702401317
0.020640677526361673
0.4830459172987197
0.08110478723724679
-0.012720842889226036
-0.017216456186653017
0.07009176170637288
0.16772574769094672
0.14873859888204655
-0.4912123254437
-1.2774642705520098
-0.09832648272221811
-0.31429465151003966
0.10365206350998146
-0.07832879086077071
-0.5077725399447115
-0.1370082991477385
-0.1941229315633507
-2.1891201365804904
-2.096134598166648
-1.7691576808322824
-0.258531294393089
-0.12035477783631321
-0.2027705723645309
0.2886673512317689
0.4355415421559027
0.48018232546545214
0.18105599446593856
-0.39607039740462513
-0.5691925797593405
-0.16844675611777016
-0.8908184791160164
-1.9361168059779965
-1.575713737411264
-1.2728573551712787
-0.8735705775236596
-1.663250236750216
-1.9634194168990144
-1.5644724927636793
-2.1885184478108295
-1.8626521420324273
-1.0326112952784774
-0.8173740409610756
-0.1812686878477049
-0.12368244452963051
0.31850326372139814
0.3335041174091177
0.22520311145378924
-0.7015320861647778
-0.6798238419415238
-0.11202724945200149
-0.06669557259191616
-0.5901813995625693
-1.6782156690931727
-1.2264630717448386
-0.2545220354950867
-0.13060790625829344
0.3644353498492837
0.26768388692722966
0.22813813448354592
0.5329648638599082
0.6703417031211317
0.8271870706899908
0.8019254637146122
0.32349960151454404
0.5677887367917375
0.5936581953557282
0.7779015939449189
-0.0672480740193252
0.3155363140832047
0.39572073835599164
0.4592552940036091
0.3922731819081847
0.21054753467171639
0.11459060068019644
0.4024211412254127
0.4463749905410651
0.16672929448971796
0.4932211288318521
-0.022989651163875968
0.2740274960739443
0.2153125239642274
0.02805383843629483
0.3582750295512577
0.6086536984253247
0.5350973792149186
0.21144335355284916
-0.4995332640254408
-0.07049498494982742
-0.5116013360492513
-1.9616410842705916
-1.7615070137468127
-1.0111008003081547
-1.4087018037505992
-2.5171282339918934
-2.055002099836513
-1.2872869602926706
-0.46604945855246255
-0.5018462773864358
-0.16785938403140777
0.12829313185768398
0.11799720246758671
0.1686860258440016
-0.9107276367831258
-0.836645663573975
-0.3261966268451235
-0.14551428981629144
-0.24432325462660853
-0.15738505174301087
-0.6648861266354553
-0.12563128525429912
-0.00472227710473605
-0.8972500791362688
-1.9129945439770446
-1.0802523379447964
0.34239741747551855
0.19946501006209683
0.20021223439736413
0.36985598992678737
0.7635428171203159
0.07278910705372643
-1.5411554544103971
-0.6579874771372579
-0.19820778671437367
-1.5949947545049874
-0.39523219756394706
-0.109221830257489
-0.3278606812405479
0.10528190149636896
0.055964956848778336
-0.02283270610324195
0.18635965496507756
0.1198917880040592
0.12178464453385729
-0.18286993369350846
0.2306831245511135
-0.1776429862163117
-0.11160184688392649
-0.16452147741173695
0.041506862053818705
0.13029168019228388
-1.5055947748294565
-2.1585650430827
-1.880749645384916
-1.123536995662369
-1.5647846242059331
-0.4894145788394352
-0.4903249899829861
-0.08731481804151109
-0.03402640729741124
0.1804422900965984
-0.13513691258933724
-0.013893300305445666
-0.12459898591777929
-0.01841889088257509
-1.148946133880834
-0.43746718256258854
-0.6102800713601741
-0.8955541522974915
-2.1012766239772063
-1.062563890335551
-0.5470887872256367
-0.842715882617771
-0.6527881922969943
-2.231206975132611
-2.383433115218452
-1.936919045500726
-0.5175089050175139
-0.6001954063139034
-0.12203151655490585
-0.5698004254846465
-0.426309257950512
-0.250759269022652
-0.15583683196912335
0.042903405933668814
0.03510380795075496
-1.1234009707276553
-0.3265230484064303
0.08449774527214138
-0.03190271141656875
0.3055460728729601
-0.2558316529082336
-0.5396519821495314
-0.7072674412402244
-0.8329406485085519
-0.6676881593318615
-0.539428072935129
-0.5126746636959045
-0.8935142156306382
-0.3099856459784307
-0.38702668809473
0.167819090418856
0.6384852277729905
0.4916839749216112
0.5311334104786257
0.4768504428846888
0.6960479711023505
0.5758598291303033
0.0797141810109826
0.12961884424782477
0.11721519096151856
-0.7028442404519507
-0.0865895991699569
-0.1279757123555788
-0.12859694876845273
0.33680934708661703
0.4158998959614363
-1.3940110253698728
-1.943142522009642
-0.04891981754655261
-1.4501316698309286
-1.0661951052777328
-0.6719185929021836
-1.1679199832129914
-0.923376744894534
-0.27941136709012804
-0.12763021659891438
-0.3050037286449576
-0.6843697163349554
-1.1302780097913077
-0.7142729655400908
-1.6631819901646376
-1.9982460862934581
-1.4467109568343242
-0.4311819432101215
0.10983843354755873
-0.15148316443598453
0.06593344652458477
0.20918056464588386
0.34621488412814505
0.21731495178584603
-0.45029245707757726
-1.2228291400419202
-0.28681763926006065
0.3522856086640992
0.21348664916737536
0.0593943538077194
-1.0279459836595226
-0.4300061433085534
-0.44823508860773936
-0.08258926128364485
0.3072137645601084
-0.03683430728606896
0.3759907507140524
0.15896735315507715
0.22256068261696826
-0.06294286386575332
-0.546126643835455
-0.4648184745999511
-0.6020440699573498
-0.09905341947659174
-0.1331139323923235
0.19558141969463205
0.004281192598327377
0.42219597517986107
0.800996606410972
0.8563613520441119
0.6546524782829083
0.5388567566184815
0.8591351069407064
-0.4458231364839316
0.49384887289278045
0.1546042218012239
0.6066010296011367
0.076364743328451
-0.11764284277821824
0.3738227731369307
0.10888692920549026
-0.29976891922228444
-0.4268956733611016
-0.12710238970780485
-1.3066078550762927
-1.5321669209765885
-0.4217585999507919
-0.3718742621509658
0.27221184022756206
0.34363307265682763
0.6285763738077671
-0.7584845968604869
-1.8522348227813543
-1.043834171356649
-1.998669912181584
-1.9082523012537038
-0.5073339126887271
0.12054105253321679
0.40743689723745546
0.20919165037943166
0.040842040322142004
-0.7251600280530421
-0.06716631564299635
0.4945931724634963
0.22529618795880835
0.2260966807337147
0.3929846484982068
0.7148968894317057
0.26914651739700435
-0.34397657717783103
0.24321530208338948
-0.9980678647178547
-0.0358875738658605
0.28844709323466267
-0.09921267955911084
-0.775631788755347
0.3928267299915432
0.44243910591698776
0.3818264830597963
-0.7379932061642465
-1.1063208067682309
0.46189520303748643
0.9537001216479147
-0.491949764188946
-0.47694140545159835
0.16690259786630646
0.5255272278818376
0.7774382465931239
0.5200757059771469
-0.750062099389392
0.03279489649946976
-0.00048013384524914215
-0.10780100458651898
-1.3459434751255441
-0.16172471773187813
-0.11846983576181003
0.27292605044497764
0.17068481784412348
-0.290623735281348
-1.0920962045706548
-0.13270602991083114
0.35337480269888866
0.10380102764968913
-0.15069481994862677
0.2426576785314053
0.844498634862984
-0.558470596331099
0.20108747662499116
-0.7132894353877692
0.16027051702500683
-0.44633667957882467
0.7799359905574151
0.3109994599906537
-0.6104042250747094
0.15106136058549124
0.2751902016551947
0.04597188963177812
0.2746829897079469
-0.45729575615003526
0.8932123838435603
1.0100305754542274
-0.21547278478117238
-0.7332231340265012
-0.8136961832014205
-1.0191594775097537
-0.3692954837935429
-0.6701441404122825
0.044608370665800035
0.09803790750795649
0.3152791621478369
0.0793107125563407
-0.188364789830208
-0.4869150049410669
0.31849036116451523
0.16391735138529373
-0.2233193088575013
0.3708081995365323
-0.2161167364677673
0.6287443970200285
-0.06617280148665017
0.8745101371508776
-0.5442647560988978
-0.4994283367207667
0.180416423363705
0.04060571905702448
0.1616683803489577
-0.27468696175214025
-0.5049611637252023
-0.020119466865900715
0.37921087780472285
0.2571019026537388
0.31969325801086124
0.6858400439579292
0.07147071500485846
0.2768451192411553
0.38312835218983177
0.9424445577296731
-0.20205166069425473
0.7028552562898985
-1.1163940942499173
0.10980212315323679
-0.5632214134309916
0.004249349966464422
0.41665936240671664
0.4865087011137864
0.05985959772120342
-0.6016382821523083
-1.5542791245409748
-0.6501515264618523
0.11350454643751229
0.04741126317111355
0.2410354426823117
0.3138497234428569
-0.13176628870531315
-0.17548192826875597
0.03632961410309288
0.1711566658617384
-0.09098284408336099
0.3574646601119741
0.20768505147935834
0.8546498363448606
0.7180053972945434
0.6156406166159502
0.878132628391734
-0.43706893798728236
-0.5851206938260093
-0.27613883353168356
-0.2329028488412822
-0.10192895498897692
0.26770005636349625
0.7178053694124708
0.9676422312997953
0.9690003439648124
0.8265565220538277
0.9489815205844753
0.3830021856195559
0.7324123654795461
0.6774505967286194
0.4419195268983239
0.23084424872676867
0.12943273889011608
-0.08547732385323326
-0.0386159881410032
0.39921926611357106
-0.5377895662214771
-0.16705491530195937
-0.12968979046486317
-0.5468964688942465
-0.3823384619625517
-0.38707675792539453
-0.15296398320402937
-0.7706422695396187
-0.02467600514395707
0.0362964726659164
0.2392527566660293
0.0868488623364414
-0.3252334819693402
-0.10061866859864776
0.07071218810979796
-0.2516256511294388
-0.747307513210254
-1.8108971404677465
-0.8829315470253801
-1.045559925714378
-0.25593635364432543
-0.28721134528554415
-0.25788839276276876
-0.4260429431154929
-0.4369934286714309
-0.08963610623499363
0.10370906370933464
0.04788240772323682
0.29649063340304693
-0.20461533467515947
-0.2320142280213996
-0.18767260394317498
-0.20326700786592578
-0.05747529892841852
-0.5238391263437681
0.31882850935647433
0.4816356039412256
0.3627884408847032
0.3315553078939294
0.531331665059214
0.1047072012257736
0.4292854107030729
0.1418647756007675
0.4609121639085786
0.48987297437807065
0.19540721110737358
0.25583979553464864
0.36315316666938957
0.30653326112734514
-0.44806828014738775
-0.3142136297096718
0.06419124293869727
-0.16506429517272247
-0.0454561148709951
0.07326031166447278
-1.1278698038643276
-1.2963771065279077
-1.7205402475908183
-1.961234042072149
-1.7966469375045926
-1.715000050433833
-1.3007995018851861
-0.49505934122267214
-0.21545134727794923
-0.11622606524008006
0.18105595001920582
0.07862770285402287
0.16675845742299422
0.3301873142577828
0.32943678326853465
0.24895350222754564
-0.03890088352815757
0.05456958275500923
-0.08772229234977036
0.31346388550033877
-0.2425758671959215
0.03498468283906153
0.44841300946659357
0.3149798196286854
0.1166302441028031
-0.5665562383990921
-0.18716331676754983
-0.08261989601399655
0.46747080160324017
0.4765855564880249
0.41907435755227074
0.5320676209150451
0.4149378902909545
0.3287793870340011
0.699133471209929
0.5193276131666956
0.07533166202941277
-0.6125064646039143
-0.4665726053309237
-0.7745105338506061
-0.2762335860535511
-0.46179599120747905
-0.1191412028329254
-0.9758958695425474
-0.4725741457366216
-0.316483586137549
-0.6847270629726427
-0.36017634974488777
-1.3096163044560565
-1.517402285858671
-1.336860258813989
-2.0700225343574106
-1.8198063860084126
-1.9031175885558351
-2.239478714591084
-2.1278088925683294
-1.7911864341103567
-1.3200745757750634
-1.0193392203844034
-0.8590238475732994
-0.4583025702544406
-1.1666694720844881
-0.5271352177435717
-1.1160621823500192
-1.2737755764507195
-0.554666325797815
-1.8671247492588652
-1.6528182934334246
-0.7590234057847347
-0.22661793162620814
-0.32125616235615306
-0.6116830698011038
-0.2395588336000095
-1.0670541792992114
-1.128979419095148
-0.7892573841539228
-0.7013302683827779
-0.6753118422427631
-0.29845045781084223
-0.020393276972982988
0.016466824299163352
-0.28842735061572944
-0.06570179421969924
0.33693468778700353
0.3720630378741151
0.11364290446433867
0.01808735317117638
-0.04704328879099573
-0.13290551148338114
0.06915862223261071
-0.07030058068148148
-1.3189985696419975
-1.436252323896194
-0.8727061585764915
-0.4460104526196761
-0.4829909682736183
-0.29906548019532087
0.1997839211959297
0.10767820366507186
0.14176041268328887
0.2917902908293303
0.39153590792041626
-0.5993734494460823
-1.1275422986675139
-0.4684629692206631
-0.05372828236105065
-0.8976010328851187
-0.9142556212512446
-1.1112237777565337
-1.4204400091988003
-1.6806134581985044
-1.2133143284059469
-1.1554604834387097
-1.0232470343076965
-0.7927975795055862
-0.5930185534526686
-0.24787928015349203
0.08589231871425151
-0.37182198807987366
-0.45832963873792026
-1.1160990161776123
-0.5855622979459081
-0.902300018949731
-0.04441223557990048
-0.12395711528153641
-0.5929009492029866
0.07797597886771623
-0.9063830670463324
-0.1540292565574658
0.29334204330766933
-0.9282673132183146
-0.9784541378049088
-0.4627297938532377
-0.18600158498746155
-0.5458705597834728
-1.3637323873763285
-0.8246825942837913
-0.5515721806320201
-0.546665681282444
-0.474643363061095
-0.10168435000331344
-1.1023386798973913
-1.7222271357452286
-1.782381526759317
-0.36392620852388924
0.07553742141874109
0.39924914722813154
0.5684842491252798
-0.31858245509671457
-1.0674578682690121
-1.679129786770297
-1.576721386297438
-1.892448462699174
-1.563939211970763
-1.4967051445935042
-1.4320981565926538
-1.5617397845591858
-1.0528159413497025
-1.85479170821738
-0.9285973134077996
-1.5649213706454121
-1.6187570533234223
-0.2731755478933091
-0.07681907628372864
0.16628152123211748
-0.2309768542352305
0.017229263904949832
-0.7889146941294767
-0.12097067212477852
-0.10035244994460923
-0.5101247569032624
-0.9889508779096654
-0.934307662167911
-1.7726229264868847
-1.7548130067882695
-1.9663649543713362
-2.209917427795276
-1.9853271127175627
-0.9673663760074994
-0.8224240966341504
-0.5761285142796606
-0.8049654944638951
-0.49681698093237747
-0.17707323768159178
-0.36833152759935855
-0.7163154307540952
-1.0856070766584551
-1.6745920659218112
-1.8938578572243143
-0.9892287803590737
-1.2368498723369425
-1.455682397031707
-1.4950384002031756
-1.9403705327801668
-2.311450792445732
-1.7790493101367415
-1.5654741390556093
-1.3087981144530594
-1.5822468799637086
-2.1351977923447336
-1.9029072100754596
-0.9809563145327346
-0.7464901407659622
-0.6467860650016148
-1.0428055516102686
-1.810218155341103
-0.6022264527919947
-0.4141877143223847
-0.23279484443955822
-0.14954519981765557
-0.2272956244193597
-0.08507095696737543
0.3688079350331702
-0.32318387791604786
0.22062523875806106
0.5258623766126075
0.26498134798400386
0.8627570082732253
0.6752392726565358
0.913414341824465
0.4778912397681482
0.6854782095369946
-0.7177392401976277
0.09043457966697377
-0.8232715461105736
0.5497032093678337
-0.4070307018290158
-0.12584392721334092
0.12365288311221578
0.5585311434286485
0.338646048031194
-0.20988037969988305
-0.43302908995266004
-1.043006158055248
-0.41637183152194596
0.23810700881898306
-0.39704165188940027
0.028912094066248284
-0.3949309794139223
0.1580780763387689
0.5199538963916369
0.5753930399364037
0.5152754540529995
0.5734636905460752
0.5054905636123842
0.6820668256675474
0.28869443486138635
0.6548571774588677
0.6565214309733826
0.5532247270838656
-0.19194681563821503
-1.1266718918672054
-1.4504916909287577
-0.8646851906959214
-1.080224413366322
-0.5456835442773997
0.3597191694810017
0.28813185910545813
0.41355047464508476
0.4069337966404404
0.2743415262323926
0.9752047258657862
0.9590393220120504
0.43225497414272473
1.18204302928747
0.450767648869422
0.5867818769719783
0.7821886913303023
1.2822024097958384
0.9533306150076198
0.37962953874301675
0.7611322636729047
-0.4362071124621371
0.02743376237832884
0.41927858886750047
0.7556004714124586
0.49680183023354474
0.4263948927811628
0.3489248524502252
0.23853074127464302
0.14621291544990223
0.31527307714257813
0.03940766928115391
0.7018772791796856
0.9232643596000266
-0.4118077025940878
1.073284453662986
-1.2300639730581362
-0.523288528117972
0.32863640510712255
0.7439466473504169
0.39001475683180564
0.6174859035563497
0.6307976799846565
-0.17012698298182583
0.36865941266370117
0.8867985061518294
0.8856811039100748
1.0093362863637343
0.016037437995695902
-0.4476976424018667
-2.020026972242062
-2.133192343549407
-0.41602084795026006
0.3484945389785533
0.31629851428087574
-1.050375815950501
-1.42186086729276
-1.396569190853897
-1.0785664298916475
-0.8190704172038247
-0.8575556603448589
-0.5560402238480803
-0.7941319704987637
-0.3665486278153963
0.22007103039893516
-0.058589312543843586
0.2445821906706972
0.3216520398199315
-0.007749040997521495
0.4612600985435086
0.43057145762276294
0.28676557789063206
-0.05167260494131076
-0.25337675725626563
0.4102044794178198
0.7404903708317757
0.7095486300661328
0.6894308257897114
-0.4401085870223561
-0.3258030080894174
-0.0769168746757638
-1.2507487622887261
-1.5250801738672566
-1.2040894109001705
-1.2286383940090715
-1.201154553114756
-0.3856895930591731
0.12117265930404442
0.315208214604216
0.23918607597685593
0.22965150833171044
0.5563516885958767
0.19721893040724303
0.26680902488286795
0.3353189667123361
0.38869265567515543
-0.004694869028090021
-0.4197272370471682
-1.0839752333961803
-1.4748299773702798
-1.5918568537516853
-1.4949162167612027
-1.260504475152673
-0.8121533205363877
-0.8265188157573126
-1.592082770893708
-0.8101483966731784
-0.0496455119357998
0.2363566407057881
0.6424391619742081
0.04809708186063444
0.07941482208502182
-0.20567648539716943
-0.254414286687515
0.13125324001238037
0.2718564574032666
0.5313992002562965
0.09788183036819376
0.4120152244585379
-0.0014213955859951888
-0.6104396249736495
0.38705299631561363
0.6046630223537438
0.875073960025064
0.8846471645554382
0.9266575317426323
0.9083993598964987
1.0412557213446094
0.8006128457410143
1.0287407519395826
0.9433240626893745
0.9808155961143333
1.1169614425677463
1.0255365187485803
1.138507698343239
1.1077884730560963
1.3466313661917697
1.2213612875438389
0.9069896237224292
1.1711989003732417
1.2271132407042007
1.28625745029143
0.9169646038780231
1.4828796021977175
1.4201925843662502
1.23722881884215
1.3299214753487836
1.2808112538357852
1.1834627324412987
1.2446931752505845
1.0796273617323116
0.8699189693199217
0.9272631696970045
0.45231700724111124
0.49386444083345016
-0.19666737064258222
-1.0282954314106418
-1.5859585924925126
-1.2249991785495533
-1.2625830202008244
-0.2700331633763914
0.12834441737156344
0.20168617326098415
0.1883344738882765
0.46006917729924257
0.6279827821292033
0.29901161643886265
0.5183068665178144
-0.11279624872335592
0.15470058775100737
-0.0786496576807384
0.13935306120221236
0.5390300428477363
-0.377179507583898
-0.5801976106244715
-0.0917224074492563
0.3747076659574725
0.6717568508754873
-0.06559669795290557
0.2718500148714206
0.21250023044069277
0.35724191273117134
0.7103656422095638
0.7098367037037586
1.199861478626579
0.018586320493333974
0.8409564047979327
1.319505158777381
1.2843579040210016
0.8073418165707221
0.6223476736597192
0.8119149934931079
0.9358047602480738
0.6452100094241663
0.5010324102315508
0.843712229697864
0.9869662473954349
0.9484579379894565
0.985254956436059
0.871015907992957
0.2725490339512632
0.4341838546621025
0.9165925515898713
-1.2911942852514362
-1.052299073473312
-1.0955124131069136
-0.06154539007233051
-1.1713966254241115
0.14574241107229235
0.3294926797490153
0.09959058471617432
0.5829296633098812
0.28370666300996195
0.6844960997064732
0.6535604000216674
0.7567798373722819
0.09393934327562636
0.22679135188237354
0.5775175184643876
-0.9564079769593201
-1.216698774986431
-1.1832204591550417
-1.4978730511467018
-0.8463530375072753
-1.027111050945849
-1.5789841948561238
-1.031158523248143
-0.9689721087078024
-1.2377407445412838
-1.5149797742384072
-1.6378731865745666
-1.407119293945043
-0.9746048680953502
-0.4435271994585599
-0.12753854973211398
-0.39466225041170905
-0.6372494766324261
-0.7755678554257455
-0.1467112495695715
0.17102018644800598
0.47939545611285295
0.6117256393724454
0.6172614399457105
0.6878577281968276
0.6802074571273918
0.7478685262472163
0.32574090765171604
0.6757486910195846
-0.13823303010447985
0.4458459528288835
0.5246504976310044
0.4386396423021658
0.6323920060845282
0.8368073431310975
0.805336685570747
0.23538473323882314
0.7866542433678928
0.6858736389435826
0.719013630871583
0.19200525034862614
0.22641356299414872
0.3604629334865507
0.2829460231569224
0.09346397964452924
-1.4269513661736553
-1.1457071827194687
-2.0984363794157592
-2.1602267470024183
-1.1728331278412807
-0.5819100966390729
-0.7891567402884395
-1.9107364265122375
-0.5654445979262857
-1.2540891835357382
-1.9281362662189196
-0.6746571519931768
-0.2930415980580857
-0.3360578335469534
-0.2647618870071087
-0.9864451826560269
-0.6445195847599747
0.12174997689981748
-0.8984961341029707
-0.9841915770946575
-1.4057551884130228
-1.2517611877841044
-1.3715820342987506
-0.8024021612460261
-1.9576322057924407
-0.9903103903544405
-1.4750467907607183
-1.3521251909123788
0.05999852361455649
0.7444902172405913
0.5930978248445856
0.7935299198171627
0.6598665368668034
1.0333819479326225
-0.6204671130117819
-1.2046844689719252
-0.6394175358136411
-0.13952364783389293
0.7878874391550849
0.7360465910633985
-1.3902486483162697
-0.24780402032178606
0.18463564866803084
0.39399350108674114
0.8786240852919683
0.9189620667666217
0.9661123716904342
1.0605380984626884
0.5072955580381106
0.9048977928020289
0.5091079234334189
0.6908224889436078
0.6375781394573757
0.45274662052263503
-0.743972594872039
-0.3050837010584103
0.41311700425215736
0.5770858635847168
0.12928976996852748
-0.02170036760887062
-2.110991691910321
-1.0495611463224255
-0.6916142116019657
-0.9150693523218676
-0.5217047460257687
-0.0431373818544607
-0.07761104218406978
-0.3061818344530757
-0.19799751401771826
-0.13158918061905045
-0.599623126832418
0.06258814036409377
0.4683581927442907
0.3876605689078808
0.09264837689544203
0.38530267547524544
0.5088370051091341
0.3985333078981911
0.043619280644769165
-1.0805467731088605
-0.31709373928651163
-1.4844771009583364
-1.4762126610021664
-1.9964641355291555
-0.5920443549588029
-2.0114318533464095
-0.49060285414970667
0.15741736189379985
0.4691739219168166
0.3500978493514112
0.24039915241483134
0.45048426522957297
-0.33240922007142926
0.058103953163841204
-0.15796343990008532
0.21678972577403044
-1.0351872557576236
-0.609922158353275
-0.19112114687484372
-0.4650294256528209
-2.2034300574616883
-0.5838242783570585
-1.8117302886608622
-0.5482260390014959
0.2358963846507086
0.7706887221349094
0.9247034865869773
0.6476193972407861
-1.240532357161141
-0.7204762358057754
-0.05026213840251048
0.023023763197588143
-1.731305392764405
-0.5292456741227218
-0.36976660154008956
-0.9446519239530561
0.2509208719738468
0.13112715856085277
-1.9203200678390675
-1.1327129671563352
-1.2093951142145751
-1.9847687857042113
-1.0979756714714377
-1.0484363610476208
-1.0475900714197486
-0.9405198138559798
-0.8223296460115096
-0.8244074831222318
-0.6684901764548432
-0.3265110437061467
-0.7955075184164642
-0.07809906666969824
-0.30546890636743995
-0.03865263866792712
0.1664864119988393
0.07248753433370414
-0.6375995881508755
-0.11214381098472104
-0.43128883307084354
-1.2928395466831764
-0.21681866223630775
-0.5958459072592424
-0.6552158095167593
-0.17743096239470857
-0.9953879991788703
-0.43647927065948
0.029457729456196735
0.40644642509907036
0.4023376422357735
0.5334475681481207
0.08155871952953408
-0.1322622156949277
-0.5187341681975355
-0.23127346480304622
-0.03620526905377364
-0.5807294617551456
-0.30543629171639164
0.18156221977848708
0.3782316882820943
0.060347648768984796
-0.39903614719115377
-0.7162704438119739
-1.0260159674965177
-1.20370687065399
-1.2963395433737488
-1.56845744803152
-1.4787851221764043
